2
4
6
7
8
14
16
20
22
25
26
27
28
32
33
35
36
39
41
46
47
48
51
56
58
59
62
64
66
68
69
70
71
72
74
75
77
78
79
80
84
85
86
89
90
91
92
93
95
98
100
102
106
108
112
115
116
118
119
121
122
125
130
131
132
133
134
136
137
138
143
149
152
156
158
160
162
165
166
168
173
174
178
181
186
187
188
189
190
194
197
199
200
205
207
208
210
211
212
216
217
220
221
222
223
224
225
232
233
235
236
237
238
239
240
241
245
246
250
251
253
255
262
263
265
269
271
275
277
278
279
285
286
287
289
290
294
296
298
300
302
306
307
308
309
310
312
313
317
319
323
324
326
327
329
331
333
334
337
339
341
342
344
345
348
350
352
353
354
355
357
358
359
361
362
363
368
370
371
373
374
375
376
377
379
383
384
385
389
390
391
394
396
397
398
399
401
402
404
406
411
412
414
416
417
419
420
422
425
426
427
430
432
433
435
437
438
440
441
443
445
447
448
450
451
453
454
456
457
464
466
470
471
472
477
482
488
492
493
495
498
500
502
506
511
513
514
515
516
517
520
523
524
525
527
528
532
534
536
537
539
540
541
542
543
544
546
548
549
552
553
555
556
558
559
563
564
565
571
573
574
576
577
581
585
587
591
593
594
596
598
599
601
602
603
607
608
612
613
614
617
618
621
622
625
626
627
628
629
630
631
632
634
636
639
640
642
645
646
647
650
651
653
654
658
659
660
662
663
667
669
673
674
675
676
677
679
680
685
686
689
693
694
696
697
698
699
700
701
702
705
706
708
713
714
715
717
719
720
727
728
729
730
731
732
733
735
738
740
741
742
744
745
749
751
752
754
755
757
759
761
765
767
770
772
773
775
776
777
781
782
786
787
790
794
798
800
802
804
805
806
807
810
812
813
820
822
828
829
833
834
835
836
838
840
842
844
845
849
856
858
862
864
866
867
869
873
875
877
878
879
881
882
884
885
887
888
890
892
893
894
895
896
897
898
899
901
903
909
910
912
914
915
916
917
918
926
927
929
933
934
935
938
939
942
945
946
948
949
950
951
952
954
955
958
960
961
965
969
970
971
972
974
976
977
979
980
981
982
984
985
986
987
989
990
992
994
995
998
999
1001
1004
1005
1006
1007
1010
1011
1012
1013
1014
1023
1024
1025
1026
1027
1028
1029
1030
1031
1032
1033
1034
1035
1036
1037
1038
1039
1041
1043
1044
1045
1046
1050
1052
1055
1056
1057
1059
1062
1063
1064
1065
1067
1070
1072
1075
1076
1078
1079
1080
1081
1084
1088
1090
1094
1096
1097
1099
1104
1106
1110
1111
1112
1113
1117
1119
1120
1122
1124
1126
1127
1129
1130
1132
1135
1137
1138
1140
1142
1145
1148
1149
1150
1152
1154
1157
1160
1161
1162
1163
1165
1166
1167
1171
1174
1179
1181
1183
1188
1195
1198
1199
1200
1201
1206
1214
1217
1218
1219
1221
1224
1226
1228
1238
1239
1243
1245
1246
1249
1251
1252
1253
1254
1255
1258
1264
1270
1271
1273
1274
1275
1276
1277
1280
1282
1284
1285
1286
1289
1290
1292
1295
1296
1297
1299
1300
1301
1304
1306
1307
1308
1309
1311
1316
1317
1318
1319
1321
1324
1329
1334
1335
1339
1345
1346
1349
1350
1352
1355
1356
1358
1363
1364
1367
1368
1373
1374
1377
1378
1381
1383
1385
1387
1391
1392
1394
1395
1396
1397
1398
1402
1405
1406
1409
1410
1417
1418
1420
1421
1422
1426
1428
1431
1434
1440
1443
1446
1448
1449
1450
1451
1452
1455
1456
1458
1459
1460
1461
1462
1463
1465
1466
1468
1469
1470
1471
1473
1478
1479
1483
1485
1487
1488
1490
1494
1495
1501
1508
1509
1517
1525
1527
1528
1533
1534
1535
1536
1537
1540
1541
1542
1543
1545
1546
1547
1548
1549
1550
1552
1555
1557
1558
1560
1562
1564
1565
1567
1568
1569
1570
1571
1572
1574
1580
1581
1582
1585
1587
1589
1590
1591
1594
1597
1598
1601
1602
1604
1606
1607
1612
1614
1615
1618
1619
1620
1622
1623
1624
1629
1630
1633
1634
1635
1637
1638
1639
1641
1642
1643
1647
1649
1651
1654
1656
1657
1661
1664
1665
1668
1669
1676
1677
1679
1680
1681
1682
1683
1684
1685
1687
1688
1690
1691
1692
1696
1697
1699
1700
1701
1703
1704
1705
1706
1708
1709
1711
1716
1720
1723
1725
1726
1727
1732
1734
1735
1736
1738
1739
1740
1742
1744
1751
1753
1755
1756
1759
1760
1762
1764
1768
1769
1770
1771
1772
1773
1776
1777
1778
1779
1780
1782
1784
1786
1788
1789
1791
1793
1796
1797
1798
1799
1800
1801
1803
1806
1807
1808
1814
1816
1821
1834
1835
1836
1842
1845
1846
1847
1848
1849
1853
1855
1859
1862
1864
1865
1867
1868
1869
1873
1875
1876
1878
1879
1880
1885
1887
1888
1891
1893
1894
1895
1897
1905
1906
1907
1909
1910
1912
1913
1920
1925
1926
1927
1928
1931
1933
1934
1935
1936
1937
1938
1939
1940
1942
1943
1944
1946
1947
1948
1949
1954
1955
1958
1959
1960
1961
1962
1963
1964
1968
1969
1974
1975
1976
1979
1981
1984
1985
1987
1993
1994
1995
1997
1999
2001
2004
2005
2006
2008
2010
2012
2015
2019
2021
2029
2031
2032
2036
2037
2040
2041
2043
2046
2048
2051
2053
2054
2055
2057
2060
2061
2065
2066
2067
2068
2071
2073
2076
2078
2079
2080
2083
2084
2085
2089
2091
2092
2093
2096
2098
2100
2101
2104
2105
2108
2109
2110
2115
2117
2118
2119
2120
2121
2124
2125
2126
2128
2131
2133
2135
2136
2137
2141
2142
2143
2144
2145
2146
2149
2151
2152
2153
2156
2160
2161
2163
2164
2167
2168
2169
2172
2173
2175
2179
2184
2186
2187
2189
2193
2194
2196
2197
2198
2199
2202
2207
2208
2209
2210
2211
2212
2213
2215
2217
2218
2220
2225
2226
2227
2228
2231
2232
2234
2238
2240
2242
2246
2249
2251
2255
2256
2258
2259
2260
2262
2263
2264
2265
2268
2272
2274
2276
2278
2280
2282
2284
2285
2286
2287
2290
2291
2292
2295
2299
2305
2308
2309
2311
2312
2315
2319
2321
2325
2330
2332
2333
2335
2338
2339
2340
2344
2346
2347
2348
2349
2352
2354
2356
2358
2362
2363
2364
2369
2371
2373
2374
2375
2376
2377
2378
2380
2381
2383
2384
2387
2389
2390
2395
2396
2397
2400
2408
2409
2412
2413
2415
2416
2418
2419
2420
2421
2422
2424
2426
2427
2430
2431
2433
2437
2439
2442
2446
2447
2448
2453
2455
2460
2461
2464
2466
2468
2478
2481
2483
2488
2489
2490
2491
2492
2495
2496
2499
2502
2505
2506
2509
2512
2515
2516
2517
2521
2522
2523
2528
2529
2530
2532
2539
2540
2541
2542
2544
2546
2548
2550
2553
2555
2556
2557
2558
2560
2562
2563
2567
2571
2574
2575
2577
2578
2580
2582
2583
2588
2590
2592
2594
2596
2598
2600
2601
2604
2607
2610
2611
2612
2618
2620
2623
2624
2625
2628
2629
2630
2631
2632
2633
2634
2638
2640
2641
2643
2646
2648
2654
2656
2659
2660
2663
2664
2665
2667
2672
2673
2675
2677
2679
2680
2683
2686
2689
2690
2692
2696
2699
2701
2709
2710
2711
2712
2713
2717
2718
2719
2722
2723
2725
2726
2729
2731
2733
2734
2739
2743
2744
2745
2746
2750
2751
2754
2755
2757
2760
2762
2763
2764
2769
2771
2772
2773
2775
2776
2777
2779
2782
2783
2784
2786
2787
2788
2789
2790
2794
2797
2798
2799
2801
2803
2807
2809
2810
2812
2813
2814
2817
2822
2823
2824
2825
2827
2830
2831
2835
2838
2839
2841
2843
2844
2845
2846
2847
2851
2859
2862
2863
2864
2865
2868
2873
2877
2878
2880
2883
2886
2890
2892
2894
2900
2904
2906
2907
2908
2909
2911
2913
2915
2916
2919
2923
2925
2927
2930
2931
2932
2934
2935
2941
2945
2947
2949
2952
2953
2961
2962
2966
2968
2969
2970
2974
2977
2979
2980
2984
2986
2987
2991
2997
2998
3001
3004
3006
3009
3010
3011
3018
3027
3028
3029
3035
3038
3039
3041
3046
3047
3049
3050
3051
3052
3054
3059
3060
3061
3062
3063
3065
3067
3068
3069
3071
3073
3074
3076
3078
3084
3086
3092
3093
3095
3097
3098
3099
3101
3107
3110
3111
3112
3116
3119
3124
3125
3126
3127
3129
3130
3131
3132
3133
3137
3140
3141
3146
3148
3149
3151
3152
3153
3155
3158
3161
3166
3167
3169
3170
3173
3174
3176
3178
3179
3180
3185
3187
3188
3190
3192
3193
3195
3199
3200
3202
3204
3205
3206
3209
3211
3212
3214
3215
3219
3222
3223
3226
3227
3232
3234
3239
3242
3248
3250
3251
3252
3253
3254
3257
3258
3261
3265
3266
3268
3269
3272
3274
3275
3277
3278
3279
3280
3283
3284
3290
3294
3297
3299
3300
3301
3305
3306
3308
3309
3310
3311
3312
3313
3314
3315
3316
3317
3318
3319
3320
3322
3324
3325
3326
3328
3331
3332
3333
3336
3338
3339
3342
3347
3348
3350
3351
3352
3354
3355
3356
3357
3359
3360
3361
3364
3365
3366
3372
3373
3375
3377
3378
3379
3380
3381
3382
3390
3394
3395
3400
3401
3405
3408
3410
3412
3415
3417
3418
3419
3422
3423
3425
3427
3429
3430
3433
3436
3440
3441
3442
3443
3445
3448
3449
3450
3451
3459
3460
3466
3467
3468
3471
3472
3474
3477
3478
3481
3482
3485
3487
3490
3492
3493
3494
3497
3499
3501
3503
3505
3507
3508
3510
3511
3512
3514
3515
3516
3517
3518
3522
3525
3527
3530
3535
3537
3542
3543
3545
3548
3549
3552
3553
3555
3559
3561
3565
3566
3569
3570
3572
3573
3575
3577
3578
3581
3582
3583
3584
3587
3589
3590
3591
3594
3595
3596
3598
3604
3605
3607
3608
3610
3611
3612
3617
3626
3632
3643
3644
3645
3646
3647
3648
3649
3650
3652
3653
3654
3656
3660
3662
3663
3664
3666
3669
3670
3672
3674
3677
3678
3680
3681
3683
3686
3690
3693
3694
3695
3696
3698
3702
3703
3707
3708
3710
3712
3713
3714
3716
3719
3720
3721
3722
3723
3725
3726
3727
3729
3732
3734
3735
3736
3738
3739
3740
3741
3742
3743
3746
3752
3755
3756
3757
3758
3759
3763
3765
3766
3769
3770
3771
3772
3774
3779
3782
3783
3786
3787
3788
3789
3791
3792
3794
3795
3796
3797
3799
3804
3811
3812
3813
3815
3817
3818
3820
3822
3828
3830
3832
3835
3838
3839
3843
3844
3850
3851
3853
3855
3859
3861
3862
3867
3871
3872
3874
3878
3879
3880
3882
3884
3885
3888
3889
3892
3894
3896
3897
3900
3902
3904
3906
3907
3908
3916
3920
3922
3923
3924
3925
3928
3929
3934
3938
3939
3940
3943
3944
3946
3947
3951
3952
3954
3955
3956
3957
3959
3960
3962
3963
3965
3967
3976
3977
3978
3982
3984
3985
3986
3990
3992
3995
3999
4002
4003
4004
4005
4006
4007
4009
4011
4013
4014
4017
4019
4022
4024
4025
4026
4030
4033
4035
4038
4040
4042
4043
4045
4050
4054
4060
4061
4062
4063
4064
4065
4066
4071
4072
4073
4075
4076
4078
4079
4080
4081
4084
4087
4088
4090
4093
4094
4096
4097
4098
4103
4105
4108
4111
4112
4114
4116
4119
4124
4129
4131
4132
4134
4138
4139
4140
4143
4144
4147
4148
4149
4150
4156
4157
4161
4164
4167
4168
4170
4171
4175
4176
4182
4183
4185
4191
4192
4195
4196
4197
4198
4201
4203
4207
4209
4213
4216
4220
4221
4222
4223
4224
4228
4231
4232
4233
4234
4235
4237
4241
4242
4243
4247
4250
4252
4253
4254
4258
4261
4263
4265
4266
4268
4272
4279
4281
4282
4285
4286
4288
4290
4292
4293
4294
4297
4304
4305
4306
4307
4308
4311
4313
4319
4324
4325
4327
4330
4332
4333
4334
4337
4338
4339
4340
4341
4342
4343
4346
4347
4348
4352
4353
4354
4355
4356
4357
4359
4360
4361
4365
4366
4369
4370
4373
4374
4377
4378
4379
4381
4387
4388
4394
4398
4400
4401
4402
4403
4405
4410
4411
4412
4413
4414
4415
4417
4418
4419
4420
4421
4427
4428
4430
4432
4436
4437
4438
4439
4440
4441
4442
4447
4450
4455
4456
4458
4459
4464
4466
4467
4470
4472
4474
4475
4476
4477
4478
4483
4484
4485
4487
4488
4493
4494
4495
4496
4500
4501
4503
4504
4506
4510
4511
4515
4516
4517
4521
4522
4523
4524
4525
4527
4528
4529
4530
4532
4535
4539
4542
4543
4544
4545
4546
4547
4549
4553
4556
4557
4562
4564
4565
4569
4570
4571
4572
4578
4579
4583
4589
4590
4591
4599
4600
4601
4602
4604
4605
4606
4607
4608
4611
4615
4616
4617
4620
4622
4623
4625
4628
4629
4631
4632
4633
4635
4640
4642
4645
4647
4648
4649
4654
4655
4656
4657
4658
4659
4661
4665
4668
4670
4671
4672
4673
4677
4679
4681
4684
4685
4686
4687
4691
4692
4693
4695
4700
4701
4702
4704
4707
4708
4711
4712
4713
4714
4715
4717
4718
4721
4722
4723
4725
4726
4728
4729
4733
4734
4735
4737
4739
4740
4742
4743
4744
4745
4750
4753
4754
4755
4759
4760
4761
4762
4764
4765
4766
4769
4771
4773
4774
4776
4783
4787
4788
4791
4792
4794
4795
4797
4799
4800
4801
4803
4806
4810
4813
4815
4816
4817
4818
4819
4827
4834
4835
4840
4841
4842
4852
4853
4857
4858
4860
4862
4863
4864
4868
4869
4870
4871
4872
4874
4878
4879
4880
4884
4886
4889
4890
4891
4895
4896
4898
4899
4901
4905
4907
4912
4914
4915
4916
4917
4918
4920
4921
4923
4925
4926
4927
4928
4930
4932
4933
4934
4935
4939
4940
4944
4948
4952
4955
4956
4957
4959
4961
4963
4964
4966
4967
4971
4976
4982
4983
4984
4986
4987
4990
4992
4993
4995
4997
5002
5003
5004
5009
5011
5013
5014
5015
5016
5017
5020
5021
5022
5023
5025
5027
5029
5037
5039
5040
5045
5046
5047
5050
5054
5055
5057
5059
5060
5062
5065
5069
5070
5075
5078
5079
5080
5081
5085
5087
5090
5091
5092
5094
5097
5099
5102
5103
5105
5106
5109
5111
5112
5113
5115
5116
5118
5119
5123
5124
5126
5128
5129
5130
5135
5137
5138
5139
5140
5141
5142
5145
5150
5152
5156
5157
5161
5162
5163
5164
5166
5168
5170
5173
5174
5175
5180
5181
5182
5184
5185
5187
5191
5192
5194
5195
5196
5200
