0
5
8
13
16
18
23
24
26
28
30
32
36
37
38
39
42
44
48
54
57
58
60
67
70
71
72
74
76
81
82
84
86
87
90
91
97
100
101
105
108
109
110
111
113
116
118
119
121
123
124
126
128
133
135
136
137
138
139
141
142
145
147
148
149
150
151
154
160
162
170
173
174
176
179
184
185
186
187
189
190
191
192
193
194
196
197
200
207
211
213
214
220
221
222
223
224
225
229
230
231
233
237
239
240
243
244
250
251
252
254
256
258
259
260
261
264
271
272
274
277
280
283
284
287
289
290
291
296
298
301
302
307
308
313
314
315
316
317
322
323
324
327
328
330
331
332
333
334
338
344
345
349
352
353
355
357
358
359
362
363
364
365
370
371
379
382
384
387
388
389
390
391
397
400
402
403
404
405
406
407
408
411
412
414
417
419
423
426
428
429
430
431
432
435
436
437
440
441
445
449
450
451
455
456
457
458
459
463
464
469
470
471
472
473
476
477
480
481
484
489
491
492
496
499
500
506
508
511
513
514
515
517
519
520
522
525
526
527
528
529
531
532
533
535
540
542
543
545
551
553
554
555
557
559
563
568
569
571
576
579
583
584
586
587
591
592
594
597
599
606
607
610
611
613
614
616
617
618
619
622
626
628
629
630
631
632
633
634
636
639
641
642
645
646
650
653
654
657
663
666
669
670
671
672
674
677
683
684
685
687
688
689
691
693
696
697
699
702
703
705
707
708
710
712
715
718
720
721
726
729
731
733
737
739
742
743
744
745
746
748
751
753
754
759
761
766
769
771
772
777
781
782
783
785
789
791
795
799
802
803
804
805
806
807
808
810
811
812
814
815
817
824
826
829
830
837
838
839
842
843
844
845
849
850
858
859
860
861
862
863
865
870
871
876
883
884
885
886
889
892
893
897
899
902
903
904
905
907
909
913
914
915
918
920
926
928
929
931
934
937
938
940
941
942
950
956
957
959
960
962
965
967
968
969
971
973
974
976
977
979
980
988
989
990
991
992
994
995
996
1001
1002
1003
1004
1005
1008
1014
1015
1016
1019
1021
1028
1029
1031
1033
1034
1035
1038
1039
1040
1041
1042
1045
1046
1049
1050
1052
1055
1056
1057
1060
1062
1063
1067
1072
1074
1075
1080
1081
1082
1084
1092
1093
1094
1096
1099
1100
1105
1108
1110
1111
1112
1117
1122
1123
1126
1128
1129
1130
1133
1138
1143
1144
1146
1147
1149
1150
1152
1153
1154
1156
1160
1161
1163
1164
1165
1168
1170
1171
1175
1176
1177
1178
1179
1180
1181
1184
1186
1187
1188
1190
1192
1193
1197
1199
1200
1205
1206
1209
1215
1216
1217
1218
1220
1222
1223
1230
1231
1238
1239
1240
1244
1246
1247
1249
1250
1252
1253
1255
1256
1257
1261
1262
1263
1264
1266
1267
1268
1269
1270
1273
1275
1276
1280
1284
1286
1288
1289
1290
1291
1292
1295
1297
1299
1301
1302
1304
1309
1310
1314
1315
1316
1321
1324
1326
1327
1330
1332
1338
1340
1341
1342
1345
1346
1347
1348
1349
1351
1353
1354
1355
1356
1358
1360
1362
1363
1372
1373
1374
1375
1376
1377
1380
1382
1384
1385
1386
1387
1390
1392
1393
1398
1400
1403
1404
1405
1406
1408
1410
1413
1414
1415
1418
1419
1420
1421
1422
1424
1425
1433
1434
1435
1437
1438
1441
1442
1443
1444
1445
1449
1451
1452
1453
1454
1459
1461
1462
1465
1467
1469
1470
1471
1475
1476
1480
1481
1483
1484
1486
1488
1490
1491
1493
1496
1498
1499
1500
1501
1503
1504
1505
1507
1509
1510
1512
1513
1514
1515
1517
1520
1522
1527
1528
1530
1533
1534
1535
1536
1539
1541
1543
1544
1546
1547
1551
1552
1553
1556
1559
1560
1561
1562
1563
1564
1568
1570
1573
1575
1582
1585
1587
1588
1589
1590
1591
1592
1595
1596
1598
1600
1601
1603
1604
1608
1612
1613
1614
1618
1619
1620
1622
1625
1626
1628
1629
1630
1632
1633
1636
1637
1640
1641
1645
1650
1652
1656
1659
1660
1663
1664
1665
1666
1669
1670
1671
1674
1678
1679
1681
1683
1684
1685
1687
1688
1689
1690
1691
1692
1694
1695
1696
1697
1698
1710
1719
1722
1723
1725
1729
1730
1733
1734
1736
1738
1739
1740
1742
1745
1747
1749
1755
1756
1757
1763
1766
1767
1769
1770
1771
1772
1773
1775
1776
1777
1778
1779
1782
1783
1784
1785
1786
1790
1793
1795
1796
1797
1799
1800
1801
1802
1803
1806
1809
1811
1815
1820
1821
1825
1826
1828
1829
1830
1836
1837
1839
1841
1842
1844
1848
1849
1851
1852
1853
1855
1856
1857
1858
1859
1860
1863
1867
1869
1870
1872
1875
1878
1879
1881
1883
1885
1886
1887
1888
1890
1892
1893
1896
1897
1901
1903
1904
1905
1906
1908
1909
1911
1919
1920
1921
1931
1932
1933
1936
1937
1938
1939
1944
1945
1946
1948
1951
1952
1955
1956
1958
1960
1962
1967
1968
1969
1970
1975
1976
1977
1978
1979
1981
1982
1983
1984
1985
1988
1993
1994
1996
1999
2001
2006
2007
2009
2010
2015
2016
2017
2018
2020
2021
2022
2024
2026
2027
2029
2030
2032
2035
2036
2039
2044
2045
2046
2049
2050
2051
2054
2056
2057
2058
2061
2062
2063
2064
2065
2069
2071
2073
2075
2076
2078
2079
2080
2083
2084
2085
2086
2087
2089
2092
2094
2095
2096
2099
2101
2104
2105
2108
2110
2113
2114
2115
2116
2119
2125
2126
2128
2129
2132
2133
2135
2136
2137
2140
2142
2144
2147
2153
2154
2155
2160
2163
2165
2167
2168
2170
2171
2172
2174
2175
2176
2177
2178
2180
2182
2187
2188
2190
2191
2193
2194
2195
2197
2198
2202
2204
2209
2211
2213
2215
2216
2217
2219
2222
2225
2230
2232
2233
2234
2235
2236
2237
2238
2244
2247
2249
2252
2253
2254
2257
2258
2259
2263
2265
2266
2267
2270
2271
2273
2274
2275
2278
2280
2286
2288
2289
2290
2291
2292
2295
2297
2299
2301
2302
2303
2304
2305
2309
2310
2312
2313
2316
2317
2318
2319
2320
2322
2324
2325
2328
2329
2331
2332
2333
2334
2335
2338
2339
2340
2341
2342
2343
2344
2347
2349
2350
2357
2359
2361
2362
2363
2365
2367
2369
2374
2376
2377
2378
2379
2385
2386
2387
2390
2391
2392
2395
2396
2397
2398
2400
2405
2408
2410
2413
2414
2415
2417
2418
2420
2421
2424
2425
2426
2428
2430
2433
2435
2437
2440
2441
2444
2449
2450
2453
2460
2462
2472
2473
2474
2476
2480
2484
2485
2487
2488
2489
2493
2494
2496
2497
2498
2500
2501
2503
2504
2505
2506
2507
2508
2509
2510
2511
2512
2517
2518
2521
2523
2524
2525
2526
2529
2531
2532
2533
2534
2537
2543
2544
2546
2549
2550
2552
2554
2555
2557
2559
2561
2563
2566
2567
2568
2569
2572
2574
2575
2576
2577
2579
2582
2583
2585
2586
2588
2589
2591
2593
2594
2595
2597
2600
2601
2602
2603
2604
2609
2611
2612
2613
2616
2618
2619
2620
2621
2623
2626
2628
2629
2630
2632
2639
2641
2644
2646
2648
2650
2651
2652
2653
2654
2657
2659
2660
2662
2664
2666
2667
2669
2670
2671
2672
2673
2676
2677
2680
2683
2684
2685
2686
2687
2689
2690
2691
2693
2695
2697
2698
2701
2702
2704
2705
2707
2708
2709
2710
2714
2715
2716
2717
2720
2721
2724
2725
2726
2729
2730
2732
2734
2735
2736
2737
2738
2739
2743
2744
2745
2747
2749
2751
2752
2753
2754
2755
2757
2758
2764
2767
2768
2771
2773
2776
2782
2784
2787
2790
2791
2795
2796
2799
2800
2801
2803
2804
2805
2806
2809
2811
2812
2813
2814
2816
2818
2820
2822
2825
2826
2827
2830
2831
2832
2833
2836
2839
2844
2846
2847
2848
2849
2850
2852
2854
2855
2856
2857
2859
2860
2863
2864
2867
2871
2872
2877
2878
2881
2882
2885
2886
2887
2889
2890
2891
2892
2893
2896
2898
2905
2909
2911
2912
2915
2916
2919
2920
2923
2925
2927
2929
2931
2932
2933
2934
2935
2939
2940
2941
2943
2945
2947
2951
2952
2955
2958
2960
2961
2966
2967
2968
2970
2979
2980
2982
2984
2985
2987
2988
2990
2992
2996
2997
3000
3003
3004
3005
3006
3007
3009
3011
3016
3017
3022
3023
3024
3025
3027
3028
3030
3034
3037
3038
3042
3043
3044
3045
3046
3048
3049
3051
3055
3056
3059
3062
3063
3064
3065
3066
3069
3072
3073
3074
3077
3078
3079
3080
3082
3083
3084
3085
3088
3090
3091
3095
3097
3098
3099
3100
3101
3103
3104
3107
3112
3113
3116
3118
3119
3128
3129
3132
3133
3135
3136
3141
3143
3144
3145
3146
3147
3148
3151
3152
3156
3157
3159
3160
3162
3166
3167
3168
3171
3172
3177
3179
3182
3183
3184
3185
3188
3193
3194
3195
3197
3198
3201
3204
3205
3210
3213
3217
3218
3219
3221
3223
3225
3226
3227
3228
3229
3231
3235
3236
3237
3240
3243
3244
3245
3247
3248
3249
3252
3254
3256
3259
3262
3264
3267
3271
3275
3276
3278
3279
3280
3281
3283
3284
3285
3288
3289
3290
3292
3294
3296
3297
3298
3301
3302
3303
3305
3315
3316
3319
3320
3322
3323
3324
3328
3329
3331
3333
3335
3337
3343
3344
3346
3348
3350
3352
3353
3356
3358
3360
3362
3364
3365
3370
3376
3380
3384
3392
3393
3395
3397
3405
3408
3412
3413
3414
3415
3416
3417
3419
3420
3422
3423
3424
3428
3432
3437
3443
3444
3445
3446
3451
3454
3455
3459
3460
3464
3465
3467
3469
3470
3471
3472
3473
3476
3477
3478
3479
3481
3484
3485
3487
3490
3491
3492
3494
3495
3496
3497
3502
3504
3511
3512
3513
3516
3524
3525
3526
3530
3536
3537
3538
3539
3543
3546
3547
3549
3551
3552
3556
3558
3562
3565
3566
3567
3569
3570
3573
3574
3579
3580
3582
3583
3589
3593
3594
3598
3599
3600
3602
3603
3604
3610
3611
3613
3614
3616
3620
3621
3624
3626
3628
3629
3631
3633
3634
3639
3644
3646
3647
3652
3655
3656
3661
3664
3667
3669
3671
3673
3675
3676
3680
3681
3682
3688
3689
3691
3692
3693
3694
3696
3701
3702
3705
3706
3708
3711
3712
3716
3719
3721
3723
3726
3731
3732
3734
3735
3736
3737
3740
3741
3742
3746
3747
3750
3752
3753
3754
3755
3756
3757
3758
3759
3761
3765
3767
3769
3770
3772
3773
3776
3778
3780
3781
3782
3785
3786
3787
3788
3790
3792
3793
3797
3801
3803
3805
3806
3810
3811
3813
3814
3817
3821
3822
3823
3824
3825
3826
3827
3828
3830
3836
3837
3840
3841
3842
3848
3850
3851
3852
3855
3858
3859
3861
3862
3863
3864
3866
3867
3868
3869
3870
3871
3874
3876
3877
3878
3879
3880
3882
3883
3884
3885
3886
3888
3889
3890
3891
3893
3896
3900
3902
3903
3907
3908
3910
3912
3913
3916
3917
3918
3920
3921
3923
3930
3932
3934
3937
3938
3941
3942
3945
3949
3952
3954
3957
3961
3963
3964
3965
3967
3968
3970
3972
3975
3977
3978
3979
3983
3986
3989
3990
3996
3997
3998
3999
4001
4002
4004
4005
4006
4008
4009
4014
4018
4019
4024
4025
4028
4031
4033
4034
4036
4037
4038
4039
4040
4042
4043
4045
4046
4047
4049
4050
4052
4054
4056
4057
4063
4065
4067
4074
4075
4077
4079
4082
4083
4084
4087
4088
4089
4091
4092
4094
4096
4097
4098
4099
4100
4101
4106
4111
4113
4115
4117
4118
4120
4122
4126
4136
4139
4140
4143
4144
4145
4146
4148
4153
4154
4155
4157
4158
4159
4160
4161
4163
4165
4166
4167
4170
4171
4173
4174
4176
4181
4185
4186
4187
4188
4189
4190
4194
4195
4196
4198
4200
4205
4208
4215
4216
4217
4218
4221
4224
4226
4228
4230
4231
4232
4234
4235
4236
4238
4242
4245
4246
4247
4248
4250
4252
4253
4257
4259
4261
4264
4265
4266
4267
4269
4270
4271
4272
4275
4278
4279
4283
4284
4285
4286
4287
4288
4289
4290
4291
4292
4297
4300
4301
4303
4306
4312
4316
4319
4321
4322
4329
4333
4335
4339
4340
4342
4343
4347
4355
4356
4358
4360
4361
4362
4364
4365
4366
4367
4369
4371
4373
4375
4377
4380
4382
4384
4390
4394
4395
4397
4399
4400
4402
4403
4405
4407
4408
4410
4417
4418
4422
4426
4432
4436
4438
4441
4443
4444
4445
4447
4450
4452
4453
4459
4460
4465
4470
4471
4472
4476
4482
4483
4484
4485
4486
4489
4493
4494
4496
4497
4498
4499
4500
4501
4505
4511
4512
4515
4518
4520
4521
4523
4524
4525
4529
4532
4535
4537
4541
4543
4544
4547
4549
4557
4558
4559
4560
4561
4562
4568
4569
4570
4571
4572
4575
4576
4581
4582
4583
4584
4585
4586
4588
4592
4594
4595
4596
4597
4600
4602
4605
4606
4612
4613
4614
4615
4619
4620
4623
4624
4625
4631
4632
4633
4635
4639
4644
4646
4650
4651
4653
4654
4656
4657
4659
4660
4661
4662
4664
4665
4666
4671
4673
4676
4677
4680
4681
4682
4683
4684
4685
4686
4687
4690
4693
4695
4698
4699
4701
4707
4708
4714
4716
4717
4720
4725
4727
4730
4732
4733
4734
4738
4739
4740
4741
4743
4744
4745
4746
4749
4750
4751
4754
4758
4761
4762
4764
4772
4775
4779
4786
4787
4788
4789
4792
4794
4795
4796
4797
4801
4803
4805
4807
4810
4811
4813
4814
4821
4822
4824
4827
4833
4834
4835
4836
4840
4843
4844
4845
4847
4848
4849
4850
4854
4857
4860
4863
4865
4866
4867
4868
4871
4873
4874
4877
4879
4880
4881
4882
4884
4892
4893
4895
4896
4898
4900
4901
4903
4906
4908
4911
4914
4915
4917
4918
4921
4922
4924
4925
4928
4930
4932
4934
4936
4937
4939
4941
4946
4948
4949
4950
4951
4952
4953
4954
4957
4958
4960
4962
4967
4968
4973
4974
4977
4978
4980
4986
4988
4990
4991
4992
4995
5001
5003
5006
5008
5009
5010
5012
5013
5014
5016
5018
5020
5022
5025
5026
5030
5031
5032
5034
5035
5036
5040
5041
5042
5044
5045
5046
5048
5052
5053
5054
5061
5062
5063
5068
5071
5073
5075
5084
5087
5096
5098
5099
5100
5101
5102
5103
5106
5108
5111
5112
5114
5117
5118
5120
5122
5123
5124
5125
5126
5128
5131
5132
5134
5136
5138
5141
5143
5151
5153
5155
5156
5161
5162
5163
5167
5169
5170
5171
5173
5174
5175
5177
5180
5181
5183
5184
5190
5191
5192
5195
5196
5197
5200
