2
3
4
8
12
13
16
19
20
22
24
25
26
27
31
36
37
39
40
41
44
45
47
48
50
51
53
55
60
66
67
68
69
70
72
74
77
79
80
81
82
86
88
90
91
93
95
97
98
100
102
104
105
107
108
109
113
115
116
117
120
126
127
134
136
137
139
142
143
149
150
152
153
155
159
161
163
164
166
168
172
173
176
177
178
179
180
183
184
188
189
190
192
193
197
199
200
203
208
210
214
215
220
221
222
224
225
226
227
228
230
232
235
237
240
241
245
247
249
250
251
253
255
256
257
260
261
262
263
264
265
270
272
274
276
279
280
281
288
293
294
296
303
305
306
310
311
313
315
317
318
319
328
329
331
332
333
334
335
338
340
341
343
344
345
349
350
353
355
357
358
359
361
362
364
365
366
367
368
369
370
374
377
379
384
385
386
388
389
391
393
394
396
398
400
401
402
403
404
405
406
407
409
412
413
415
416
418
421
423
424
425
426
427
428
437
439
441
443
444
446
447
453
458
459
462
464
465
466
469
470
471
472
473
476
478
482
483
488
489
491
492
495
496
499
500
501
503
505
509
510
512
516
517
519
522
523
524
525
527
531
533
534
539
540
545
547
549
550
551
553
554
556
558
562
564
566
567
569
571
572
578
582
583
591
592
593
594
595
599
601
602
603
607
614
616
617
619
622
626
628
631
634
635
638
639
640
642
643
646
647
648
651
653
655
656
659
660
661
664
665
666
669
670
671
672
673
674
676
677
678
680
681
682
683
686
687
688
690
694
700
702
706
707
709
710
711
712
713
716
717
718
720
723
724
726
727
728
730
732
737
739
740
743
744
746
750
752
753
754
755
757
760
761
765
767
769
770
773
775
776
777
780
781
782
783
786
787
788
791
793
796
798
800
802
808
809
812
813
815
816
817
822
824
825
828
831
834
835
836
838
839
841
842
843
844
846
847
850
853
864
865
866
869
872
873
874
875
878
881
883
889
890
892
893
896
897
898
901
905
907
908
911
913
914
917
927
929
932
936
941
943
944
950
952
953
955
956
957
958
961
962
963
964
969
970
971
977
978
979
980
982
983
984
986
988
989
993
995
998
1002
1003
1006
1008
1010
1011
1013
1014
1016
1023
1028
1029
1030
1031
1033
1035
1036
1041
1042
1044
1045
1050
1052
1054
1056
1058
1059
1062
1064
1065
1068
1070
1071
1082
1084
1085
1087
1088
1089
1090
1093
1094
1097
1099
1100
1101
1102
1103
1104
1106
1108
1109
1112
1113
1114
1115
1116
1118
1121
1122
1124
1125
1127
1134
1135
1144
1146
1147
1150
1155
1157
1159
1160
1164
1167
1168
1169
1170
1174
1179
1182
1184
1185
1188
1190
1192
1194
1195
1201
1203
1204
1205
1206
1215
1216
1217
1224
1229
1230
1235
1236
1242
1243
1244
1247
1248
1249
1251
1252
1256
1258
1259
1260
1263
1264
1269
1270
1275
1278
1279
1282
1283
1285
1289
1293
1296
1298
1300
1303
1307
1308
1309
1312
1314
1318
1320
1321
1322
1323
1326
1336
1337
1340
1345
1346
1347
1348
1351
1353
1358
1360
1361
1363
1365
1366
1368
1369
1370
1372
1377
1381
1382
1383
1388
1390
1392
1393
1394
1398
1399
1401
1402
1405
1406
1408
1409
1410
1411
1414
1416
1418
1423
1425
1429
1430
1435
1437
1438
1440
1444
1445
1446
1448
1449
1452
1456
1457
1460
1465
1467
1469
1471
1472
1473
1474
1475
1476
1478
1480
1481
1483
1487
1488
1489
1490
1493
1496
1498
1499
1502
1503
1504
1505
1508
1512
1513
1515
1516
1517
1519
1522
1524
1526
1529
1531
1532
1534
1535
1536
1537
1540
1542
1544
1546
1547
1549
1551
1552
1553
1559
1560
1561
1562
1563
1565
1571
1576
1578
1583
1589
1590
1594
1595
1598
1601
1602
1603
1604
1605
1606
1608
1609
1610
1611
1613
1614
1618
1619
1621
1624
1627
1629
1630
1631
1632
1633
1636
1637
1638
1639
1641
1642
1643
1645
1647
1650
1651
1655
1656
1657
1660
1662
1665
1667
1669
1670
1671
1674
1675
1677
1678
1679
1681
1682
1684
1687
1688
1689
1691
1693
1694
1695
1696
1697
1698
1704
1705
1707
1708
1709
1710
1712
1713
1715
1718
1720
1722
1723
1724
1725
1726
1730
1731
1734
1736
1737
1738
1740
1741
1743
1744
1745
1746
1748
1749
1750
1759
1762
1771
1773
1774
1775
1776
1778
1779
1782
1784
1788
1791
1793
1794
1795
1797
1799
1801
1804
1808
1809
1810
1811
1815
1817
1818
1819
1823
1824
1827
1830
1831
1833
1839
1840
1841
1842
1844
1845
1846
1850
1851
1852
1854
1855
1857
1858
1862
1863
1864
1867
1869
1871
1874
1883
1886
1888
1890
1891
1893
1894
1895
1897
1900
1902
1903
1905
1907
1908
1909
1912
1913
1915
1917
1921
1927
1929
1930
1933
1934
1935
1940
1942
1946
1949
1950
1951
1953
1955
1956
1957
1958
1959
1961
1962
1963
1964
1966
1968
1969
1971
1977
1978
1979
1980
1982
1983
1989
1992
1993
1994
1996
1998
2001
2003
2005
2007
2008
2009
2012
2016
2017
2018
2021
2022
2024
2025
2027
2028
2032
2038
2041
2045
2052
2053
2056
2059
2060
2061
2062
2066
2068
2070
2071
2075
2077
2079
2081
2082
2084
2087
2089
2091
2092
2094
2095
2096
2097
2104
2106
2108
2113
2116
2117
2118
2121
2123
2126
2127
2128
2129
2131
2133
2137
2138
2141
2143
2144
2146
2147
2148
2149
2150
2153
2154
2155
2156
2158
2159
2160
2161
2168
2169
2172
2174
2177
2180
2182
2185
2186
2191
2192
2193
2195
2196
2198
2207
2208
2211
2212
2213
2214
2216
2218
2220
2221
2223
2225
2226
2232
2236
2237
2244
2247
2248
2249
2250
2252
2253
2256
2260
2263
2264
2265
2266
2267
2269
2270
2271
2272
2274
2276
2277
2280
2285
2290
2291
2295
2296
2300
2309
2310
2311
2315
2316
2317
2318
2319
2320
2321
2322
2324
2330
2333
2334
2335
2338
2341
2343
2344
2345
2346
2349
2350
2354
2358
2360
2362
2363
2364
2366
2367
2369
2375
2378
2379
2381
2383
2384
2387
2388
2390
2394
2395
2396
2397
2399
2402
2403
2410
2413
2415
2416
2418
2423
2425
2427
2429
2430
2433
2435
2437
2439
2444
2445
2448
2455
2456
2457
2458
2463
2464
2466
2467
2468
2469
2470
2471
2475
2477
2478
2479
2480
2481
2483
2484
2486
2487
2489
2490
2491
2493
2497
2500
2501
2502
2505
2506
2509
2511
2513
2514
2515
2516
2520
2521
2522
2524
2525
2527
2528
2529
2531
2533
2538
2539
2540
2541
2543
2544
2547
2549
2550
2551
2555
2556
2559
2560
2561
2562
2563
2564
2566
2567
2569
2570
2572
2574
2577
2578
2579
2580
2581
2583
2592
2593
2595
2599
2601
2602
2603
2606
2607
2608
2611
2612
2618
2621
2624
2631
2640
2642
2643
2644
2645
2647
2648
2649
2652
2653
2654
2655
2656
2658
2659
2660
2661
2662
2663
2669
2671
2673
2675
2676
2677
2678
2682
2685
2686
2687
2690
2693
2694
2697
2698
2701
2702
2703
2705
2707
2708
2709
2714
2718
2719
2720
2721
2722
2725
2728
2730
2734
2736
2742
2743
2744
2746
2748
2757
2762
2763
2764
2765
2766
2769
2772
2776
2777
2778
2779
2780
2781
2783
2785
2788
2792
2794
2795
2796
2798
2803
2804
2805
2807
2813
2814
2815
2821
2825
2827
2828
2834
2835
2838
2840
2843
2846
2847
2850
2851
2852
2853
2855
2859
2860
2861
2863
2866
2872
2875
2877
2878
2880
2883
2886
2887
2888
2890
2894
2895
2896
2897
2898
2903
2907
2909
2910
2915
2917
2920
2921
2923
2928
2932
2933
2935
2936
2937
2939
2940
2943
2947
2949
2951
2952
2953
2959
2961
2962
2963
2966
2967
2970
2971
2972
2975
2978
2980
2983
2984
2986
2987
2989
2990
2991
2992
2994
2996
2999
3000
3006
3007
3010
3011
3014
3016
3017
3020
3021
3024
3025
3027
3029
3030
3035
3038
3042
3047
3049
3052
3055
3059
3060
3064
3065
3066
3072
3076
3077
3078
3079
3083
3086
3087
3088
3090
3091
3092
3093
3095
3097
3099
3100
3101
3103
3107
3108
3110
3111
3112
3116
3119
3120
3121
3122
3123
3124
3125
3127
3128
3129
3130
3131
3132
3133
3134
3135
3136
3140
3143
3144
3146
3147
3148
3152
3153
3155
3156
3158
3159
3160
3163
3164
3169
3173
3174
3175
3176
3177
3178
3179
3180
3181
3182
3183
3187
3189
3190
3191
3192
3193
3194
3195
3196
3197
3198
3199
3200
3201
3203
3207
3211
3212
3214
3218
3221
3224
3225
3226
3227
3229
3230
3231
3234
3235
3236
3237
3238
3239
3240
3241
3243
3246
3248
3249
3253
3254
3257
3260
3261
3262
3263
3264
3265
3268
3272
3273
3275
3276
3277
3278
3279
3284
3287
3288
3291
3297
3298
3299
3300
3303
3305
3309
3312
3315
3316
3319
3320
3321
3322
3326
3329
3330
3332
3334
3336
3340
3341
3342
3346
3348
3350
3351
3353
3357
3358
3360
3362
3363
3366
3367
3368
3369
3371
3374
3375
3377
3379
3380
3382
3388
3389
3395
3397
3399
3400
3401
3403
3404
3406
3407
3409
3410
3412
3413
3417
3418
3420
3421
3423
3424
3425
3426
3427
3428
3430
3434
3436
3437
3438
3439
3441
3443
3445
3446
3449
3453
3460
3462
3463
3465
3466
3468
3470
3471
3473
3475
3476
3477
3478
3481
3483
3484
3486
3487
3492
3495
3498
3499
3504
3505
3507
3508
3509
3517
3520
3521
3523
3525
3531
3534
3535
3536
3537
3539
3540
3541
3542
3544
3545
3546
3548
3550
3551
3553
3556
3558
3561
3562
3566
3567
3568
3571
3572
3575
3581
3582
3583
3585
3588
3589
3592
3593
3597
3600
3606
3608
3609
3612
3616
3617
3621
3622
3625
3626
3629
3632
3633
3634
3635
3636
3640
3641
3642
3643
3644
3646
3647
3649
3650
3653
3654
3656
3657
3658
3659
3660
3662
3663
3664
3665
3667
3669
3672
3673
3674
3675
3679
3681
3682
3683
3684
3686
3687
3689
3690
3692
3693
3694
3696
3698
3699
3700
3705
3706
3707
3710
3711
3712
3714
3715
3718
3722
3723
3724
3725
3736
3740
3741
3743
3745
3746
3747
3749
3750
3752
3753
3757
3762
3763
3766
3767
3768
3769
3770
3772
3774
3779
3780
3781
3782
3783
3784
3788
3789
3791
3793
3796
3797
3798
3799
3801
3804
3805
3806
3808
3809
3812
3813
3814
3816
3817
3820
3821
3823
3824
3826
3829
3833
3835
3838
3841
3844
3845
3846
3847
3850
3853
3854
3856
3858
3859
3863
3865
3866
3867
3868
3869
3873
3874
3876
3877
3878
3880
3881
3882
3884
3887
3888
3889
3890
3893
3897
3898
3899
3906
3908
3910
3915
3918
3921
3926
3927
3929
3931
3932
3934
3935
3936
3937
3939
3941
3944
3945
3947
3950
3954
3958
3959
3965
3967
3971
3973
3975
3976
3977
3978
3980
3981
3982
3983
3985
3987
3988
3989
3991
3992
3995
3997
3999
4001
4003
4006
4009
4012
4014
4015
4016
4017
4020
4021
4022
4025
4026
4027
4032
4034
4035
4037
4040
4041
4043
4049
4053
4054
4056
4061
4065
4067
4068
4073
4074
4075
4078
4079
4080
4085
4088
4090
4093
4094
4095
4096
4097
4101
4107
4108
4110
4111
4112
4113
4114
4115
4120
4121
4123
4125
4128
4129
4132
4133
4134
4135
4139
4140
4143
4144
4145
4151
4152
4155
4156
4157
4158
4159
4160
4161
4165
4166
4169
4170
4172
4173
4176
4178
4179
4180
4182
4184
4185
4186
4187
4188
4193
4194
4196
4197
4198
4199
4200
4204
4206
4210
4212
4213
4214
4217
4223
4224
4225
4228
4233
4235
4236
4237
4238
4241
4247
4248
4249
4251
4256
4258
4259
4260
4262
4263
4268
4269
4271
4277
4278
4279
4281
4285
4289
4291
4294
4295
4296
4297
4300
4302
4304
4306
4307
4308
4309
4311
4315
4316
4317
4320
4324
4327
4331
4335
4336
4337
4339
4341
4344
4346
4347
4351
4352
4356
4358
4360
4361
4362
4364
4365
4366
4367
4368
4374
4375
4378
4384
4386
4391
4393
4394
4396
4398
4402
4403
4406
4408
4410
4411
4412
4414
4415
4416
4419
4420
4422
4424
4427
4428
4429
4432
4434
4438
4439
4440
4441
4443
4447
4448
4450
4451
4452
4453
4455
4457
4458
4459
4461
4462
4463
4467
4469
4471
4474
4476
4477
4478
4479
4480
4481
4482
4483
4484
4487
4488
4489
4490
4493
4494
4496
4500
4505
4506
4507
4508
4512
4514
4515
4522
4525
4528
4532
4534
4535
4536
4537
4538
4539
4540
4543
4544
4545
4547
4553
4554
4555
4556
4557
4558
4559
4561
4562
4563
4564
4567
4568
4570
4572
4573
4576
4579
4581
4585
4588
4589
4591
4592
4594
4595
4602
4605
4606
4610
4611
4613
4615
4618
4619
4620
4622
4623
4627
4628
4630
4631
4635
4638
4645
4646
4647
4649
4650
4651
4653
4654
4656
4658
4662
4667
4668
4670
4671
4672
4674
4676
4677
4678
4679
4680
4681
4682
4683
4684
4688
4693
4695
4696
4699
4700
4702
4703
4704
4711
4712
4713
4715
4721
4724
4726
4727
4728
4730
4733
4734
4738
4740
4742
4743
4745
4746
4747
4751
4753
4755
4757
4759
4768
4769
4770
4771
4772
4773
4778
4779
4781
4783
4784
4786
4787
4788
4791
4793
4794
4795
4796
4797
4801
4802
4803
4804
4807
4808
4810
4814
4816
4821
4827
4829
4831
4833
4834
4836
4837
4838
4840
4842
4843
4844
4845
4847
4849
4850
4852
4853
4854
4855
4857
4860
4862
4863
4864
4865
4866
4870
4871
4872
4873
4875
4876
4880
4881
4884
4885
4887
4890
4892
4893
4895
4899
4901
4912
4913
4915
4916
4917
4919
4921
4922
4923
4924
4925
4927
4929
4930
4932
4937
4939
4943
4949
4950
4954
4955
4956
4957
4958
4959
4960
4962
4964
4965
4966
4967
4973
4978
4980
4981
4991
4996
4997
5000
5001
5005
5007
5009
5010
5013
5014
5016
5017
5019
5020
5024
5026
5029
5032
5033
5034
5035
5036
5037
5042
5043
5044
5045
5048
5049
5054
5059
5061
5062
5063
5069
5071
5073
5077
5080
5082
5084
5086
5089
5092
5097
5098
5108
5109
5112
5115
5117
5119
5123
5124
5125
5126
5129
5130
5132
5133
5135
5137
5138
5141
5145
5149
5151
5152
5153
5154
5156
5157
5159
5160
5162
5163
5165
5167
5168
5169
5172
5184
5186
5187
5188
5191
5196
5198
5199
