1
3
7
8
13
16
17
19
22
25
29
31
32
34
35
41
42
43
44
48
51
52
57
59
61
62
66
69
70
71
72
73
79
83
85
88
89
90
92
94
96
98
99
103
104
106
108
109
110
111
117
119
122
123
125
126
127
128
129
130
144
145
147
149
150
151
152
153
157
159
160
162
163
164
165
167
168
169
174
179
183
184
188
190
191
194
195
196
199
200
203
205
208
211
212
213
215
216
217
219
225
226
228
231
233
234
235
236
238
243
248
249
251
254
258
261
262
263
266
267
268
270
271
274
278
279
281
282
284
285
289
291
292
294
295
296
297
302
303
308
312
314
315
316
317
318
321
322
324
329
331
332
333
335
337
338
339
340
343
344
347
348
350
355
357
359
361
363
364
366
367
369
377
378
381
382
385
389
390
394
395
396
399
402
405
407
408
409
410
413
416
417
419
423
425
426
428
430
433
435
437
440
441
445
447
448
450
451
454
456
458
462
464
468
469
470
471
473
474
476
477
478
480
481
484
486
488
490
491
492
499
501
504
506
507
512
513
514
515
521
522
523
524
525
529
531
535
536
538
542
543
545
554
555
559
560
562
563
569
571
574
577
581
584
585
586
588
589
593
594
595
597
599
600
601
602
605
606
610
612
614
615
617
619
620
621
622
624
625
626
627
629
631
633
635
638
640
642
643
646
647
650
652
653
654
656
657
659
661
662
663
664
666
668
671
672
673
674
675
676
681
683
687
688
692
696
698
699
700
704
705
708
713
717
718
719
720
721
722
724
725
730
731
733
734
736
738
740
744
745
746
747
749
750
751
752
757
759
763
765
767
768
769
770
772
774
775
778
782
783
787
788
790
796
797
800
804
805
810
811
814
816
819
821
822
826
828
829
833
835
837
840
842
843
846
850
852
853
856
857
860
861
862
864
865
868
869
872
873
875
877
878
882
883
886
887
888
891
894
895
897
903
904
905
906
907
908
911
912
913
915
918
919
922
924
926
927
928
929
930
931
934
935
940
941
942
943
946
952
953
954
956
957
960
967
968
969
970
971
972
974
975
978
983
986
987
989
991
992
999
1002
1005
1006
1008
1009
1013
1014
1015
1017
1019
1020
1024
1025
1026
1027
1028
1029
1030
1031
1037
1038
1040
1041
1042
1049
1051
1055
1057
1058
1060
1062
1063
1069
1072
1074
1075
1077
1081
1082
1083
1084
1088
1089
1090
1092
1094
1096
1097
1098
1100
1101
1102
1103
1105
1107
1109
1111
1112
1115
1119
1121
1122
1123
1126
1127
1129
1130
1131
1133
1141
1142
1144
1146
1147
1148
1151
1153
1154
1156
1157
1158
1161
1164
1166
1170
1171
1176
1177
1178
1180
1181
1183
1184
1187
1190
1194
1197
1198
1199
1200
1201
1205
1206
1207
1208
1210
1211
1213
1216
1217
1218
1219
1220
1221
1222
1224
1225
1228
1230
1231
1232
1233
1235
1237
1238
1240
1243
1244
1247
1249
1251
1252
1256
1260
1261
1262
1263
1266
1267
1276
1277
1278
1282
1284
1286
1287
1291
1293
1294
1300
1302
1303
1311
1314
1317
1321
1323
1324
1325
1326
1327
1335
1336
1337
1340
1342
1346
1350
1351
1352
1355
1361
1362
1364
1365
1369
1370
1375
1376
1377
1381
1383
1385
1386
1387
1388
1390
1391
1392
1393
1395
1396
1398
1400
1402
1403
1404
1406
1407
1408
1410
1415
1417
1421
1422
1427
1428
1430
1434
1435
1436
1437
1438
1440
1441
1449
1450
1452
1453
1454
1455
1456
1457
1459
1467
1469
1476
1477
1478
1481
1482
1483
1484
1487
1488
1490
1497
1498
1499
1503
1506
1507
1508
1509
1510
1511
1516
1517
1520
1521
1523
1524
1525
1526
1527
1529
1531
1532
1533
1535
1537
1541
1543
1544
1545
1547
1548
1551
1552
1553
1554
1555
1556
1558
1562
1563
1564
1568
1571
1572
1573
1574
1575
1576
1578
1579
1584
1585
1586
1588
1590
1591
1592
1593
1594
1595
1596
1598
1601
1604
1610
1611
1612
1614
1615
1617
1622
1623
1625
1628
1629
1630
1631
1634
1635
1637
1639
1641
1642
1643
1645
1649
1651
1652
1653
1655
1656
1658
1663
1664
1668
1670
1672
1674
1676
1677
1679
1681
1682
1692
1693
1694
1696
1700
1703
1704
1707
1709
1710
1713
1716
1718
1719
1721
1723
1725
1726
1736
1737
1739
1740
1741
1743
1745
1748
1751
1753
1754
1755
1757
1759
1765
1766
1767
1770
1771
1772
1774
1777
1779
1780
1782
1784
1785
1794
1795
1796
1798
1799
1801
1802
1804
1806
1810
1812
1814
1815
1816
1820
1821
1824
1825
1828
1830
1837
1838
1840
1841
1843
1848
1850
1852
1854
1855
1857
1860
1862
1863
1866
1870
1871
1872
1873
1877
1883
1885
1887
1888
1889
1891
1895
1896
1898
1899
1900
1902
1903
1904
1910
1913
1915
1918
1920
1922
1923
1924
1925
1926
1927
1929
1931
1933
1936
1937
1938
1942
1943
1945
1948
1949
1950
1951
1953
1954
1958
1959
1960
1964
1967
1970
1971
1972
1977
1978
1979
1988
1989
1990
1992
1993
1994
1996
1998
2004
2008
2009
2011
2013
2014
2016
2017
2019
2021
2023
2025
2026
2027
2028
2029
2031
2032
2033
2034
2035
2036
2037
2039
2040
2041
2042
2044
2049
2050
2053
2056
2058
2061
2063
2064
2065
2068
2069
2070
2071
2072
2073
2074
2076
2077
2078
2080
2081
2084
2085
2086
2087
2088
2090
2091
2093
2094
2096
2097
2098
2101
2102
2105
2107
2110
2111
2113
2114
2116
2118
2121
2124
2125
2127
2128
2130
2131
2132
2133
2134
2135
2136
2139
2144
2145
2146
2147
2149
2150
2151
2152
2153
2156
2158
2161
2166
2168
2170
2172
2173
2175
2176
2179
2181
2185
2187
2189
2190
2191
2194
2195
2197
2198
2207
2208
2209
2210
2212
2213
2215
2216
2220
2224
2225
2226
2228
2229
2230
2231
2233
2234
2237
2240
2241
2248
2249
2250
2253
2255
2257
2260
2261
2262
2263
2264
2265
2268
2269
2270
2271
2272
2273
2274
2276
2277
2279
2282
2283
2284
2285
2289
2292
2294
2298
2302
2306
2307
2308
2309
2313
2316
2319
2322
2323
2324
2325
2326
2327
2328
2330
2331
2333
2334
2335
2336
2337
2338
2342
2345
2346
2347
2348
2349
2350
2351
2352
2353
2354
2355
2356
2357
2361
2363
2364
2366
2368
2369
2370
2371
2372
2375
2379
2380
2381
2382
2388
2389
2391
2392
2394
2395
2396
2398
2399
2401
2402
2403
2404
2406
2410
2411
2413
2415
2419
2421
2424
2425
2427
2428
2430
2431
2434
2436
2438
2441
2442
2445
2449
2450
2454
2458
2459
2462
2463
2464
2465
2466
2469
2471
2473
2475
2476
2481
2483
2484
2486
2487
2491
2493
2494
2496
2501
2502
2505
2511
2512
2516
2519
2520
2521
2522
2525
2526
2529
2531
2535
2537
2540
2541
2543
2545
2550
2554
2556
2557
2562
2563
2566
2567
2568
2570
2575
2576
2577
2580
2583
2584
2586
2587
2588
2589
2591
2592
2594
2596
2599
2601
2602
2603
2605
2606
2608
2612
2613
2615
2617
2618
2619
2620
2621
2625
2627
2628
2629
2630
2632
2633
2634
2635
2638
2640
2641
2642
2643
2651
2652
2653
2654
2657
2659
2664
2665
2666
2672
2673
2674
2676
2678
2679
2680
2682
2683
2684
2691
2692
2693
2697
2703
2707
2708
2709
2710
2714
2715
2716
2719
2721
2722
2724
2726
2727
2728
2730
2733
2735
2736
2737
2739
2740
2742
2744
2747
2748
2749
2757
2760
2761
2762
2763
2764
2765
2767
2771
2772
2776
2778
2779
2780
2781
2783
2784
2786
2793
2795
2796
2797
2798
2801
2802
2805
2808
2815
2816
2820
2822
2823
2825
2826
2828
2830
2837
2838
2840
2842
2844
2849
2850
2852
2853
2857
2858
2863
2864
2866
2867
2869
2870
2871
2874
2875
2877
2880
2881
2887
2888
2889
2890
2892
2893
2895
2896
2899
2900
2903
2904
2905
2906
2910
2918
2919
2920
2922
2924
2925
2926
2927
2929
2933
2936
2937
2940
2942
2943
2945
2948
2950
2951
2954
2955
2958
2960
2965
2970
2972
2974
2975
2976
2980
2981
2983
2984
2988
2989
2990
2993
2995
2997
2999
3000
3002
3004
3007
3009
3012
3013
3014
3015
3016
3017
3018
3020
3022
3023
3027
3028
3033
3035
3036
3037
3039
3041
3042
3043
3046
3053
3059
3060
3062
3063
3066
3068
3071
3074
3080
3082
3085
3086
3089
3090
3091
3096
3100
3101
3102
3105
3108
3109
3110
3111
3112
3113
3115
3117
3120
3121
3125
3130
3131
3133
3134
3135
3136
3137
3138
3139
3141
3142
3144
3145
3150
3154
3156
3157
3162
3163
3166
3168
3169
3170
3171
3174
3175
3179
3181
3183
3189
3191
3196
3200
3201
3203
3204
3205
3214
3216
3218
3219
3222
3224
3228
3234
3235
3236
3239
3241
3243
3247
3250
3251
3253
3254
3256
3257
3259
3260
3261
3263
3264
3267
3268
3272
3273
3275
3276
3277
3280
3281
3283
3284
3285
3287
3289
3292
3293
3297
3299
3302
3307
3308
3310
3312
3314
3315
3316
3318
3319
3320
3321
3323
3325
3327
3329
3332
3333
3335
3336
3337
3338
3341
3342
3344
3346
3351
3354
3355
3362
3369
3370
3374
3375
3379
3380
3382
3383
3384
3385
3388
3391
3392
3394
3395
3396
3397
3401
3402
3403
3405
3406
3407
3408
3416
3418
3421
3422
3424
3434
3435
3440
3441
3442
3444
3445
3447
3448
3450
3451
3453
3454
3455
3456
3458
3459
3464
3465
3466
3468
3469
3470
3471
3472
3476
3477
3478
3481
3485
3490
3491
3492
3493
3495
3497
3509
3510
3511
3514
3515
3516
3519
3523
3524
3526
3527
3528
3529
3530
3531
3532
3533
3534
3535
3536
3537
3538
3552
3556
3557
3558
3562
3565
3567
3570
3573
3579
3580
3581
3582
3583
3597
3598
3599
3601
3602
3603
3605
3607
3608
3612
3617
3619
3626
3631
3632
3639
3640
3642
3643
3644
3647
3648
3649
3650
3657
3658
3663
3666
3667
3671
3673
3674
3675
3676
3678
3682
3690
3691
3694
3697
3701
3702
3703
3706
3707
3709
3712
3716
3719
3720
3721
3722
3727
3728
3729
3731
3732
3734
3735
3740
3742
3743
3749
3755
3757
3759
3761
3763
3768
3769
3770
3773
3776
3777
3778
3779
3780
3781
3782
3783
3785
3789
3790
3793
3795
3799
3800
3802
3804
3805
3807
3808
3809
3810
3813
3814
3815
3818
3820
3821
3823
3824
3825
3826
3827
3832
3834
3835
3837
3838
3840
3841
3843
3844
3847
3849
3854
3856
3864
3865
3867
3870
3871
3872
3873
3874
3875
3877
3878
3880
3881
3882
3883
3884
3886
3889
3890
3892
3893
3894
3895
3896
3897
3899
3900
3901
3903
3905
3906
3907
3913
3914
3917
3918
3920
3922
3925
3927
3928
3934
3938
3940
3941
3942
3943
3947
3948
3949
3951
3953
3955
3957
3961
3962
3964
3965
3971
3974
3976
3980
3981
3982
3986
3987
3988
3992
3995
3998
4000
4003
4004
4005
4006
4008
4010
4011
4012
4014
4016
4017
4018
4020
4021
4022
4023
4029
4033
4034
4035
4036
4042
4044
4045
4049
4050
4051
4052
4053
4054
4055
4056
4057
4061
4063
4065
4067
4070
4071
4076
4077
4078
4081
4083
4086
4087
4089
4091
4093
4094
4095
4098
4099
4100
4103
4104
4106
4107
4110
4113
4115
4116
4117
4119
4123
4128
4129
4130
4131
4132
4133
4135
4137
4138
4139
4140
4141
4143
4144
4145
4148
4149
4151
4152
4153
4154
4156
4158
4160
4163
4164
4165
4166
4170
4171
4172
4175
4176
4177
4181
4185
4189
4190
4192
4196
4198
4199
4201
4202
4204
4206
4207
4210
4215
4216
4217
4219
4221
4222
4227
4229
4234
4235
4240
4246
4247
4250
4256
4258
4261
4262
4264
4265
4266
4267
4269
4270
4275
4280
4282
4285
4288
4289
4294
4296
4297
4298
4300
4301
4302
4303
4314
4317
4318
4319
4320
4321
4324
4325
4326
4327
4328
4330
4334
4336
4338
4340
4341
4347
4348
4349
4350
4352
4353
4358
4359
4361
4362
4364
4367
4369
4371
4374
4376
4377
4378
4383
4389
4391
4392
4394
4396
4398
4399
4403
4404
4408
4411
4413
4414
4416
4417
4419
4420
4421
4423
4424
4425
4426
4428
4433
4435
4436
4439
4440
4441
4442
4443
4444
4445
4448
4450
4451
4452
4454
4455
4458
4460
4462
4464
4467
4472
4474
4475
4477
4478
4479
4483
4487
4491
4492
4493
4498
4499
4500
4502
4503
4506
4507
4511
4513
4514
4516
4517
4518
4522
4524
4525
4528
4529
4530
4533
4535
4537
4538
4539
4542
4544
4547
4548
4549
4552
4553
4554
4555
4558
4559
4560
4564
4566
4568
4572
4573
4577
4580
4581
4582
4583
4584
4585
4588
4590
4592
4593
4594
4595
4596
4597
4603
4608
4613
4615
4617
4618
4620
4622
4627
4629
4630
4632
4635
4637
4640
4645
4646
4647
4649
4651
4653
4654
4656
4658
4659
4663
4665
4667
4673
4675
4676
4677
4680
4681
4684
4685
4690
4692
4694
4695
4699
4702
4703
4706
4707
4709
4710
4713
4716
4717
4723
4725
4726
4727
4728
4733
4734
4737
4738
4739
4740
4742
4745
4746
4748
4752
4754
4755
4758
4762
4763
4765
4766
4767
4768
4774
4775
4777
4780
4781
4782
4784
4785
4786
4788
4790
4792
4794
4795
4799
4802
4804
4805
4806
4807
4815
4816
4819
4821
4823
4825
4826
4827
4828
4832
4833
4834
4835
4838
4840
4843
4845
4847
4848
4849
4850
4853
4854
4855
4856
4857
4858
4859
4860
4865
4870
4871
4874
4878
4879
4881
4884
4885
4886
4888
4890
4895
4901
4902
4904
4905
4908
4914
4915
4916
4920
4932
4933
4937
4938
4939
4944
4946
4951
4952
4955
4958
4959
4961
4962
4964
4965
4968
4970
4973
4974
4975
4978
4982
4983
4984
4985
4986
4987
4993
4995
4996
4998
4999
5000
5001
5002
5003
5004
5005
5007
5009
5011
5012
5013
5014
5026
5027
5028
5030
5033
5034
5035
5036
5037
5039
5040
5041
5044
5046
5048
5051
5053
5054
5056
5058
5060
5062
5064
5072
5073
5074
5075
5077
5078
5080
5081
5084
5087
5088
5091
5094
5095
5096
5098
5101
5103
5104
5106
5107
5110
5111
5114
5115
5116
5121
5122
5124
5128
5130
5132
5134
5135
5139
5146
5147
5151
5153
5154
5155
5160
5161
5165
5166
5167
5168
5170
5171
5173
5174
5175
5178
5182
5183
5185
5187
5188
5190
5192
5195
5196
5197
5200
