0
1
6
13
15
17
21
23
29
30
31
32
35
36
37
38
39
40
41
42
43
46
47
48
50
52
53
54
56
57
61
62
65
66
71
74
75
77
78
81
83
85
88
89
91
92
93
95
101
102
103
105
106
108
112
114
115
116
118
123
124
126
130
136
137
140
142
146
147
148
149
150
152
158
159
161
162
164
165
167
168
170
172
173
176
177
179
180
181
182
183
184
185
187
188
190
192
197
198
199
200
201
202
206
207
209
212
213
217
218
219
220
221
224
228
229
230
231
233
234
238
239
240
241
242
243
247
249
250
251
254
256
258
261
266
269
272
273
278
282
285
286
289
291
296
298
299
300
302
304
305
307
308
310
314
315
318
320
324
327
328
331
334
335
336
337
338
340
344
346
348
349
350
351
353
355
358
359
360
364
365
368
369
374
375
376
378
379
380
384
388
390
391
392
393
394
400
403
405
407
408
411
412
413
414
418
420
423
425
426
432
434
435
437
440
441
442
446
447
449
454
455
460
462
464
465
466
467
468
469
470
471
474
476
478
479
484
485
486
487
489
492
493
494
498
500
501
506
508
514
515
520
521
523
526
528
531
532
533
534
535
536
537
542
546
547
549
556
557
559
560
565
566
570
571
573
574
575
578
582
583
588
590
591
594
595
596
598
601
604
606
608
609
612
613
614
616
618
619
620
622
625
626
628
629
630
631
633
635
636
638
641
646
647
648
649
652
653
654
655
657
658
659
663
670
674
675
678
681
682
683
686
688
689
690
691
692
693
695
699
700
703
704
705
706
707
708
710
711
715
716
717
719
720
725
727
728
729
730
731
732
733
734
736
738
739
740
745
748
751
752
754
758
760
762
765
768
769
770
773
774
776
777
779
781
782
786
788
789
790
792
793
796
797
800
801
804
807
809
811
813
816
818
819
820
821
823
824
825
826
827
828
834
836
837
839
841
844
846
847
848
850
851
852
854
855
856
857
858
859
861
862
863
864
866
867
868
869
870
871
872
880
881
882
883
887
889
890
891
892
893
898
900
901
904
911
912
916
918
926
927
929
930
932
934
935
936
937
940
941
943
944
948
949
950
951
953
957
958
960
961
962
963
965
968
971
972
975
976
977
978
979
980
984
985
990
992
994
995
998
1000
1001
1003
1005
1007
1008
1012
1013
1017
1018
1024
1026
1028
1029
1030
1032
1035
1036
1037
1038
1039
1040
1043
1044
1045
1049
1050
1051
1054
1055
1056
1062
1063
1067
1068
1071
1075
1076
1078
1079
1080
1085
1088
1089
1090
1091
1096
1097
1099
1101
1106
1107
1108
1110
1114
1115
1117
1119
1120
1121
1122
1125
1128
1129
1130
1131
1133
1135
1136
1138
1141
1142
1150
1151
1154
1155
1156
1157
1158
1159
1160
1164
1167
1169
1173
1174
1175
1177
1178
1181
1182
1183
1185
1191
1193
1199
1200
1203
1210
1214
1215
1218
1219
1221
1222
1223
1224
1226
1230
1232
1233
1234
1235
1238
1239
1243
1245
1247
1249
1250
1255
1256
1257
1258
1260
1263
1266
1268
1270
1271
1272
1274
1275
1277
1278
1280
1283
1285
1287
1288
1293
1297
1298
1302
1304
1306
1310
1312
1313
1317
1325
1331
1332
1333
1334
1336
1342
1343
1346
1349
1351
1352
1353
1356
1358
1360
1361
1364
1365
1366
1367
1376
1378
1379
1380
1383
1384
1385
1391
1392
1393
1396
1398
1399
1401
1408
1409
1410
1411
1412
1413
1415
1416
1417
1420
1423
1424
1428
1432
1434
1437
1438
1441
1443
1444
1450
1451
1456
1457
1458
1459
1463
1465
1466
1471
1472
1473
1475
1477
1479
1480
1483
1485
1486
1489
1491
1493
1495
1496
1498
1505
1506
1507
1511
1513
1514
1516
1518
1519
1520
1521
1525
1528
1529
1530
1532
1533
1534
1537
1538
1539
1540
1541
1545
1546
1548
1550
1554
1559
1560
1561
1562
1563
1564
1567
1568
1570
1573
1575
1576
1577
1579
1582
1584
1585
1586
1587
1589
1590
1595
1598
1599
1603
1604
1607
1608
1610
1613
1615
1617
1621
1623
1625
1627
1628
1629
1633
1635
1638
1641
1643
1644
1649
1650
1654
1655
1657
1661
1662
1663
1664
1668
1669
1670
1672
1673
1674
1675
1676
1679
1681
1682
1684
1686
1687
1688
1691
1695
1696
1698
1701
1702
1706
1707
1713
1720
1722
1727
1731
1732
1733
1737
1740
1742
1744
1745
1746
1747
1754
1756
1758
1759
1766
1768
1769
1771
1773
1775
1777
1778
1779
1780
1781
1782
1783
1784
1785
1787
1788
1790
1791
1793
1794
1796
1797
1801
1804
1805
1810
1811
1813
1815
1816
1820
1823
1824
1825
1827
1829
1830
1832
1834
1835
1836
1837
1838
1839
1840
1841
1843
1846
1847
1856
1862
1863
1864
1865
1871
1873
1880
1885
1886
1888
1890
1893
1897
1898
1900
1901
1902
1903
1907
1909
1911
1912
1915
1916
1917
1919
1920
1921
1922
1923
1926
1927
1928
1929
1930
1931
1933
1935
1938
1939
1941
1942
1943
1944
1945
1947
1950
1954
1955
1956
1957
1958
1959
1961
1964
1967
1968
1974
1976
1979
1980
1986
1989
1991
1992
1993
1994
1998
1999
2000
2002
2006
2009
2010
2011
2014
2016
2018
2020
2025
2030
2032
2033
2036
2037
2038
2040
2042
2043
2044
2047
2048
2053
2055
2056
2057
2061
2062
2064
2065
2066
2070
2071
2073
2075
2077
2079
2080
2081
2083
2086
2087
2088
2091
2094
2095
2096
2099
2105
2107
2108
2109
2111
2116
2117
2121
2122
2123
2124
2128
2129
2130
2131
2132
2134
2136
2138
2139
2140
2141
2142
2143
2144
2146
2149
2150
2152
2154
2155
2157
2160
2162
2165
2169
2170
2176
2178
2179
2182
2183
2184
2188
2190
2195
2197
2199
2203
2204
2208
2211
2217
2219
2220
2221
2222
2223
2225
2227
2228
2229
2230
2231
2236
2237
2239
2240
2247
2249
2250
2252
2254
2256
2262
2264
2265
2266
2267
2268
2272
2276
2277
2278
2279
2280
2281
2286
2292
2293
2294
2296
2299
2300
2302
2304
2308
2310
2311
2313
2315
2323
2327
2330
2333
2334
2335
2338
2339
2340
2343
2345
2350
2351
2352
2358
2359
2360
2361
2364
2366
2367
2368
2369
2370
2371
2372
2376
2379
2382
2383
2384
2385
2387
2388
2391
2393
2394
2396
2400
2401
2402
2403
2405
2407
2410
2411
2412
2414
2417
2418
2419
2422
2424
2425
2426
2429
2430
2431
2433
2435
2436
2438
2441
2442
2443
2445
2446
2448
2449
2450
2451
2452
2460
2461
2464
2465
2468
2469
2472
2473
2474
2478
2480
2481
2484
2485
2488
2491
2496
2498
2499
2500
2501
2502
2506
2509
2510
2512
2524
2526
2527
2528
2532
2534
2535
2536
2537
2538
2542
2544
2546
2548
2549
2551
2553
2555
2556
2558
2564
2565
2566
2568
2572
2573
2577
2578
2579
2588
2589
2590
2591
2592
2593
2595
2596
2598
2605
2607
2610
2613
2615
2617
2619
2625
2631
2638
2640
2643
2644
2647
2649
2650
2654
2655
2658
2660
2661
2663
2665
2666
2667
2668
2669
2671
2672
2673
2676
2678
2679
2681
2683
2684
2685
2689
2690
2695
2699
2701
2703
2704
2706
2711
2712
2715
2716
2719
2720
2722
2723
2726
2729
2731
2733
2739
2740
2741
2742
2743
2745
2747
2749
2750
2753
2755
2756
2761
2762
2764
2767
2768
2769
2772
2775
2776
2777
2779
2782
2785
2786
2787
2789
2797
2802
2805
2806
2809
2810
2811
2815
2816
2817
2818
2823
2825
2829
2830
2833
2835
2837
2838
2839
2840
2842
2844
2845
2846
2847
2848
2849
2850
2851
2854
2855
2857
2858
2859
2862
2865
2866
2868
2870
2871
2872
2873
2874
2877
2879
2880
2881
2883
2884
2885
2888
2889
2892
2906
2908
2909
2914
2917
2918
2921
2922
2923
2924
2926
2928
2929
2930
2931
2932
2933
2935
2936
2937
2938
2944
2946
2948
2949
2951
2958
2959
2960
2962
2966
2967
2968
2969
2970
2974
2975
2976
2977
2979
2982
2984
2986
2988
2990
2991
2992
2996
2997
2998
3000
3001
3002
3003
3004
3005
3008
3013
3014
3015
3016
3019
3020
3021
3026
3028
3029
3032
3033
3034
3035
3036
3037
3039
3045
3048
3051
3054
3057
3059
3061
3062
3063
3064
3067
3069
3070
3072
3073
3074
3075
3076
3077
3078
3081
3087
3089
3090
3093
3097
3098
3099
3101
3105
3108
3110
3112
3113
3114
3115
3116
3124
3126
3127
3128
3134
3136
3138
3139
3141
3142
3146
3149
3150
3152
3153
3154
3156
3159
3161
3162
3163
3165
3166
3169
3172
3175
3176
3179
3180
3181
3183
3184
3186
3187
3193
3196
3198
3199
3202
3206
3208
3209
3211
3215
3218
3223
3224
3227
3229
3230
3232
3234
3237
3238
3239
3241
3243
3247
3248
3249
3250
3253
3256
3257
3258
3259
3272
3274
3275
3276
3277
3278
3279
3281
3283
3285
3286
3292
3293
3294
3295
3296
3303
3305
3306
3310
3312
3314
3316
3317
3318
3319
3320
3321
3323
3324
3325
3326
3329
3330
3331
3333
3337
3338
3340
3342
3343
3344
3346
3349
3350
3351
3352
3353
3355
3356
3357
3359
3360
3362
3363
3364
3366
3370
3371
3373
3378
3379
3381
3382
3383
3384
3385
3386
3389
3390
3391
3399
3404
3405
3406
3409
3410
3413
3415
3419
3423
3424
3426
3428
3430
3431
3435
3436
3437
3439
3442
3443
3451
3454
3456
3457
3461
3462
3465
3468
3470
3472
3474
3477
3478
3479
3481
3482
3483
3486
3490
3491
3492
3493
3498
3499
3502
3503
3504
3506
3507
3509
3510
3513
3514
3516
3519
3520
3521
3526
3528
3529
3530
3531
3532
3537
3540
3541
3546
3548
3554
3556
3558
3559
3560
3563
3564
3565
3568
3572
3573
3575
3576
3581
3583
3586
3590
3594
3599
3600
3603
3606
3609
3613
3615
3616
3618
3621
3622
3624
3626
3627
3628
3629
3630
3631
3632
3633
3636
3638
3639
3645
3646
3647
3648
3650
3651
3653
3654
3657
3658
3659
3661
3662
3667
3671
3672
3674
3675
3677
3678
3679
3680
3681
3683
3685
3687
3688
3691
3692
3695
3697
3701
3707
3712
3714
3720
3722
3723
3725
3726
3727
3728
3730
3735
3736
3737
3738
3743
3746
3749
3757
3759
3760
3763
3764
3765
3766
3767
3769
3771
3775
3776
3778
3782
3783
3785
3786
3787
3791
3793
3797
3798
3799
3804
3805
3806
3807
3808
3809
3810
3811
3813
3815
3816
3817
3818
3819
3820
3828
3829
3831
3833
3834
3836
3839
3840
3843
3846
3848
3849
3850
3851
3852
3854
3855
3857
3858
3860
3861
3863
3865
3868
3869
3872
3874
3875
3883
3884
3885
3886
3891
3893
3894
3895
3896
3897
3898
3902
3904
3906
3907
3911
3912
3913
3915
3917
3919
3922
3926
3927
3929
3931
3932
3933
3935
3939
3940
3941
3943
3945
3948
3951
3956
3957
3959
3961
3963
3964
3965
3966
3972
3974
3975
3979
3981
3982
3983
3986
3987
3988
3990
3991
3998
4000
4003
4004
4005
4006
4009
4012
4013
4016
4018
4019
4020
4023
4028
4031
4033
4036
4039
4041
4042
4044
4045
4047
4048
4049
4056
4057
4065
4066
4067
4068
4073
4074
4077
4078
4081
4084
4085
4087
4088
4090
4093
4094
4095
4096
4097
4098
4101
4102
4106
4107
4109
4111
4114
4118
4119
4122
4123
4125
4126
4127
4129
4132
4136
4137
4138
4142
4143
4145
4146
4147
4149
4155
4156
4157
4159
4160
4163
4166
4167
4170
4171
4172
4173
4176
4180
4181
4184
4185
4191
4192
4193
4194
4200
4205
4207
4208
4211
4212
4213
4214
4217
4218
4224
4225
4227
4229
4231
4233
4234
4240
4242
4245
4246
4249
4252
4253
4254
4256
4258
4259
4260
4265
4267
4269
4270
4272
4273
4274
4277
4278
4280
4284
4286
4287
4291
4292
4296
4297
4298
4299
4300
4302
4303
4304
4305
4310
4313
4314
4316
4317
4318
4319
4320
4321
4322
4323
4326
4327
4329
4330
4334
4337
4338
4339
4340
4341
4342
4346
4354
4357
4358
4359
4360
4362
4365
4366
4367
4368
4369
4370
4371
4372
4376
4378
4379
4380
4381
4382
4383
4384
4388
4393
4394
4395
4399
4400
4402
4404
4405
4406
4408
4409
4410
4413
4418
4420
4424
4425
4426
4429
4430
4432
4434
4435
4436
4439
4440
4441
4444
4445
4446
4451
4455
4457
4461
4465
4466
4469
4471
4472
4474
4475
4476
4480
4484
4485
4490
4491
4493
4494
4497
4498
4499
4505
4506
4514
4515
4517
4519
4522
4524
4525
4527
4528
4536
4537
4539
4541
4542
4544
4548
4551
4553
4554
4555
4557
4559
4560
4564
4566
4569
4573
4579
4580
4581
4583
4585
4587
4588
4589
4590
4591
4592
4593
4595
4596
4597
4599
4603
4607
4608
4610
4611
4613
4615
4617
4620
4621
4624
4625
4627
4628
4630
4631
4632
4635
4639
4642
4648
4651
4654
4655
4661
4662
4666
4667
4668
4669
4672
4673
4675
4676
4680
4686
4688
4690
4692
4693
4695
4697
4700
4702
4704
4706
4708
4709
4711
4712
4713
4715
4716
4720
4722
4725
4727
4728
4729
4730
4731
4732
4734
4737
4738
4739
4740
4742
4743
4744
4746
4747
4748
4751
4752
4754
4756
4761
4762
4764
4765
4771
4772
4775
4777
4779
4781
4786
4787
4793
4795
4797
4798
4800
4802
4803
4804
4808
4810
4811
4813
4814
4815
4817
4818
4822
4823
4824
4829
4830
4831
4834
4839
4840
4842
4843
4844
4845
4846
4847
4852
4857
4859
4866
4871
4872
4873
4877
4878
4881
4882
4885
4887
4888
4891
4892
4893
4894
4896
4906
4907
4909
4911
4914
4915
4916
4917
4920
4923
4924
4926
4929
4930
4941
4942
4944
4945
4946
4948
4951
4956
4958
4959
4961
4962
4964
4967
4974
4978
4980
4981
4982
4983
4984
4991
4993
4996
4997
4998
4999
5001
5005
5008
5009
5014
5017
5018
5020
5021
5025
5028
5029
5030
5032
5033
5036
5039
5040
5041
5042
5043
5047
5050
5051
5055
5056
5061
5064
5067
5068
5069
5070
5072
5073
5076
5077
5078
5082
5084
5085
5087
5093
5098
5099
5100
5102
5108
5110
5111
5113
5115
5116
5117
5119
5120
5121
5122
5124
5126
5127
5131
5135
5137
5138
5139
5140
5141
5142
5143
5144
5146
5148
5149
5152
5155
5156
5157
5159
5160
5161
5162
5166
5170
5171
5174
5175
5178
5179
5180
5181
5185
5186
5188
5191
5192
5193
5195
5196
5198
