0
1
2
3
7
9
10
11
17
19
21
22
23
24
25
26
28
32
35
36
37
40
44
46
48
50
51
52
53
55
56
60
62
65
66
67
70
72
75
79
82
86
90
91
92
93
95
96
99
100
101
104
107
109
111
113
115
116
117
118
119
121
123
126
130
132
135
137
139
141
144
145
146
147
150
151
152
153
155
156
158
162
163
165
168
171
172
174
175
177
178
180
181
185
186
188
190
191
192
195
198
199
200
201
202
206
210
211
214
215
216
221
222
226
230
231
233
239
241
242
243
246
247
248
249
250
254
255
256
258
259
264
265
266
268
269
270
271
272
273
274
275
276
277
278
281
282
287
288
292
293
294
295
296
299
301
303
304
307
309
310
314
315
317
318
319
322
323
326
327
336
339
340
341
342
344
346
348
349
352
355
356
357
360
363
364
365
368
371
377
378
384
386
387
391
392
394
396
397
400
401
407
409
410
412
413
414
417
418
419
423
424
425
426
427
428
430
431
432
433
434
436
438
440
444
448
449
450
451
457
460
461
462
463
465
469
470
476
479
480
482
483
484
487
489
490
492
494
495
496
497
499
501
502
503
504
505
507
509
511
512
514
516
520
522
523
527
529
530
531
532
533
534
535
536
538
539
540
541
544
545
547
549
550
552
553
554
556
558
559
564
566
568
571
572
573
577
579
580
582
584
587
590
595
596
600
602
603
605
608
609
610
614
615
616
625
627
628
634
641
642
646
648
652
653
657
661
665
667
670
671
675
677
678
680
683
684
685
686
689
690
692
695
696
698
699
702
704
707
710
712
713
715
718
719
720
721
725
728
731
734
736
737
739
740
741
742
743
747
749
753
755
756
758
759
760
764
767
770
773
779
782
786
788
789
790
792
795
798
799
800
801
802
803
804
805
807
810
811
812
813
815
817
818
820
822
823
825
827
829
830
831
832
833
834
836
837
838
839
844
846
847
848
853
854
855
859
860
863
866
873
878
879
880
881
882
883
884
886
888
891
894
899
900
901
902
904
905
906
910
911
912
915
916
917
919
922
923
924
926
927
929
933
934
935
938
946
947
948
950
951
952
953
957
958
960
962
964
968
971
973
974
977
979
980
981
982
983
984
985
986
988
989
992
997
998
999
1005
1011
1015
1016
1017
1019
1021
1022
1026
1027
1028
1030
1032
1035
1037
1038
1039
1044
1046
1047
1049
1050
1052
1053
1054
1056
1057
1058
1061
1062
1063
1066
1068
1069
1072
1075
1078
1079
1080
1082
1083
1085
1086
1088
1089
1090
1091
1092
1093
1095
1098
1100
1102
1106
1109
1110
1111
1113
1115
1117
1118
1119
1120
1121
1122
1123
1124
1125
1126
1133
1134
1136
1137
1138
1141
1142
1148
1149
1150
1151
1157
1158
1163
1165
1171
1172
1176
1178
1180
1182
1184
1185
1186
1188
1189
1198
1203
1204
1205
1208
1209
1210
1212
1213
1221
1225
1227
1228
1230
1233
1234
1235
1237
1238
1239
1243
1244
1249
1252
1253
1254
1257
1258
1259
1262
1263
1264
1265
1266
1268
1269
1270
1271
1272
1273
1277
1278
1279
1280
1281
1286
1288
1290
1291
1292
1301
1302
1303
1307
1311
1313
1314
1315
1320
1323
1324
1325
1331
1334
1335
1337
1338
1341
1342
1343
1349
1352
1354
1355
1356
1357
1358
1359
1362
1363
1368
1369
1373
1374
1375
1380
1382
1383
1385
1386
1388
1389
1392
1394
1396
1397
1401
1403
1405
1407
1408
1409
1410
1411
1412
1413
1415
1416
1417
1419
1420
1421
1423
1424
1425
1429
1430
1432
1433
1434
1436
1439
1440
1441
1443
1444
1446
1449
1450
1452
1456
1457
1458
1459
1461
1462
1463
1464
1465
1469
1471
1472
1473
1474
1475
1477
1478
1479
1481
1486
1487
1488
1490
1491
1493
1494
1495
1499
1502
1508
1511
1513
1515
1516
1517
1521
1522
1524
1526
1528
1529
1530
1532
1533
1534
1535
1536
1538
1539
1540
1545
1546
1548
1549
1551
1554
1558
1559
1564
1566
1567
1569
1571
1572
1576
1577
1578
1581
1584
1586
1587
1591
1593
1598
1601
1604
1607
1608
1609
1611
1613
1616
1620
1622
1623
1624
1626
1628
1629
1631
1633
1639
1640
1641
1643
1644
1647
1648
1651
1652
1653
1654
1656
1657
1661
1663
1664
1667
1669
1670
1672
1673
1674
1675
1676
1677
1678
1680
1682
1685
1688
1691
1692
1693
1697
1702
1709
1710
1713
1714
1716
1717
1718
1719
1723
1724
1727
1728
1729
1731
1732
1733
1734
1735
1737
1738
1741
1744
1748
1755
1756
1758
1761
1764
1766
1767
1771
1772
1776
1777
1780
1784
1785
1786
1789
1791
1793
1796
1799
1802
1803
1805
1808
1809
1812
1813
1815
1816
1818
1823
1824
1825
1829
1835
1837
1838
1839
1840
1843
1844
1852
1853
1854
1855
1856
1860
1862
1863
1869
1871
1872
1874
1876
1878
1879
1880
1881
1882
1883
1884
1885
1889
1890
1891
1893
1894
1895
1897
1899
1901
1904
1905
1907
1908
1910
1912
1915
1918
1920
1922
1928
1931
1935
1937
1943
1946
1947
1950
1955
1957
1959
1964
1965
1966
1967
1968
1971
1972
1973
1975
1976
1979
1980
1981
1983
1984
1989
1991
1992
1994
1995
1998
2001
2003
2005
2007
2010
2012
2014
2016
2018
2021
2024
2025
2028
2031
2034
2037
2038
2041
2047
2048
2049
2051
2052
2054
2055
2056
2058
2061
2062
2065
2066
2068
2069
2073
2081
2087
2100
2102
2103
2109
2110
2112
2113
2115
2116
2124
2127
2128
2129
2130
2133
2136
2138
2139
2140
2141
2142
2143
2146
2149
2150
2152
2154
2155
2156
2157
2158
2161
2163
2166
2169
2172
2173
2174
2176
2178
2179
2182
2183
2184
2185
2186
2189
2190
2191
2193
2195
2197
2198
2199
2204
2206
2207
2208
2209
2211
2214
2215
2219
2223
2224
2225
2227
2228
2229
2231
2235
2237
2240
2241
2243
2245
2248
2249
2250
2251
2254
2255
2256
2259
2260
2261
2262
2263
2264
2265
2267
2269
2276
2277
2280
2281
2282
2286
2290
2291
2292
2293
2295
2297
2298
2299
2300
2301
2303
2305
2306
2309
2311
2314
2315
2316
2317
2319
2320
2327
2331
2333
2336
2337
2338
2344
2347
2354
2355
2358
2360
2361
2363
2364
2367
2368
2374
2375
2377
2378
2384
2388
2389
2392
2395
2396
2397
2398
2405
2409
2411
2414
2415
2417
2418
2420
2421
2422
2423
2425
2427
2429
2431
2432
2435
2436
2442
2446
2447
2448
2452
2456
2457
2462
2463
2469
2471
2472
2473
2476
2477
2481
2482
2486
2487
2488
2490
2494
2495
2498
2499
2500
2502
2503
2505
2506
2510
2512
2513
2514
2516
2518
2521
2522
2523
2525
2527
2531
2532
2533
2534
2535
2537
2538
2540
2542
2544
2549
2550
2551
2552
2555
2557
2558
2560
2561
2564
2566
2570
2572
2573
2574
2578
2579
2580
2583
2585
2586
2587
2588
2590
2592
2593
2596
2597
2598
2603
2607
2608
2610
2611
2612
2613
2614
2617
2619
2626
2628
2630
2632
2633
2634
2635
2636
2643
2644
2645
2646
2647
2649
2650
2653
2654
2657
2659
2661
2664
2667
2669
2672
2674
2675
2676
2682
2684
2685
2686
2688
2690
2691
2693
2695
2696
2697
2698
2699
2712
2718
2719
2721
2723
2724
2725
2728
2729
2730
2732
2734
2735
2736
2737
2738
2741
2742
2743
2744
2746
2747
2749
2751
2753
2759
2766
2770
2771
2772
2774
2775
2776
2777
2779
2782
2784
2786
2788
2790
2791
2792
2793
2796
2798
2799
2801
2802
2803
2805
2806
2809
2810
2813
2815
2817
2820
2822
2825
2828
2829
2830
2831
2833
2834
2835
2838
2842
2843
2844
2848
2850
2852
2853
2854
2855
2857
2859
2860
2861
2862
2869
2870
2871
2875
2881
2882
2883
2884
2886
2887
2888
2890
2891
2894
2895
2896
2898
2900
2901
2904
2907
2908
2909
2912
2914
2916
2917
2920
2921
2926
2927
2934
2935
2937
2938
2939
2943
2945
2947
2948
2949
2953
2954
2955
2957
2960
2961
2964
2967
2969
2970
2971
2974
2977
2980
2982
2983
2985
2986
2987
2990
2992
2993
2994
2997
2999
3000
3005
3006
3007
3008
3010
3011
3012
3018
3019
3022
3023
3027
3030
3032
3034
3036
3037
3038
3042
3043
3044
3046
3048
3050
3052
3055
3057
3058
3063
3064
3067
3073
3076
3077
3078
3083
3085
3087
3092
3097
3098
3099
3102
3104
3106
3111
3117
3122
3123
3126
3127
3129
3131
3132
3133
3134
3137
3138
3140
3141
3142
3145
3146
3151
3152
3153
3155
3156
3157
3159
3160
3166
3167
3168
3169
3171
3178
3179
3183
3184
3185
3186
3192
3193
3196
3197
3201
3203
3204
3205
3208
3212
3213
3216
3218
3221
3222
3223
3225
3230
3234
3238
3243
3245
3246
3247
3248
3249
3250
3255
3259
3260
3261
3265
3266
3267
3271
3272
3275
3277
3278
3282
3284
3285
3286
3287
3289
3291
3293
3296
3301
3302
3303
3305
3306
3307
3310
3311
3312
3313
3315
3317
3324
3325
3327
3331
3332
3333
3334
3335
3337
3341
3346
3349
3350
3353
3354
3355
3356
3357
3360
3361
3362
3363
3365
3367
3370
3371
3372
3376
3379
3380
3381
3384
3387
3388
3393
3396
3398
3402
3409
3411
3413
3414
3416
3418
3419
3423
3424
3428
3429
3431
3434
3440
3441
3442
3443
3444
3446
3449
3450
3452
3453
3456
3459
3467
3468
3469
3470
3471
3472
3474
3477
3478
3479
3480
3483
3485
3488
3490
3493
3494
3496
3498
3502
3503
3504
3507
3508
3509
3510
3512
3518
3519
3523
3525
3528
3530
3531
3536
3540
3541
3542
3543
3544
3547
3549
3550
3551
3553
3555
3556
3557
3559
3561
3562
3563
3564
3568
3569
3570
3572
3574
3575
3577
3579
3580
3582
3586
3589
3590
3592
3594
3596
3598
3600
3601
3602
3603
3604
3605
3606
3610
3612
3614
3616
3617
3621
3623
3624
3625
3626
3627
3628
3630
3631
3633
3635
3640
3641
3643
3647
3649
3652
3653
3654
3655
3656
3657
3658
3659
3662
3663
3664
3665
3670
3671
3672
3673
3675
3678
3679
3680
3681
3683
3686
3693
3694
3697
3702
3706
3707
3708
3709
3711
3714
3715
3717
3719
3730
3731
3734
3735
3736
3738
3742
3744
3747
3749
3751
3755
3759
3763
3765
3767
3769
3771
3772
3774
3775
3776
3777
3778
3780
3784
3785
3786
3788
3791
3792
3793
3794
3797
3798
3799
3804
3805
3806
3807
3809
3810
3815
3816
3821
3822
3827
3830
3831
3832
3834
3839
3841
3842
3843
3845
3846
3847
3849
3850
3852
3853
3855
3856
3859
3862
3864
3865
3866
3870
3874
3877
3880
3881
3882
3884
3893
3900
3901
3904
3905
3906
3910
3912
3914
3915
3916
3918
3920
3922
3923
3927
3929
3930
3932
3933
3934
3935
3936
3937
3941
3942
3944
3945
3947
3950
3953
3956
3958
3959
3961
3970
3971
3973
3978
3979
3980
3981
3986
3987
3988
3989
3990
3991
3992
3993
3995
3997
3998
4000
4001
4006
4007
4008
4009
4015
4016
4020
4021
4022
4023
4024
4025
4026
4027
4028
4030
4031
4033
4034
4035
4038
4040
4045
4046
4048
4049
4050
4056
4058
4060
4061
4063
4064
4065
4066
4072
4073
4074
4075
4079
4081
4084
4090
4093
4095
4098
4099
4100
4102
4103
4104
4106
4110
4111
4112
4114
4116
4117
4119
4120
4123
4124
4128
4129
4131
4136
4137
4142
4146
4147
4150
4151
4152
4153
4155
4157
4159
4160
4163
4164
4166
4168
4169
4174
4175
4182
4183
4187
4189
4190
4195
4196
4199
4207
4208
4209
4213
4215
4216
4219
4220
4222
4224
4225
4226
4227
4228
4229
4231
4233
4236
4237
4238
4240
4247
4248
4249
4250
4259
4262
4266
4269
4271
4272
4273
4276
4292
4293
4294
4303
4304
4307
4309
4311
4312
4314
4316
4319
4320
4321
4324
4327
4328
4330
4336
4337
4338
4340
4342
4344
4347
4349
4350
4351
4352
4355
4357
4358
4360
4363
4365
4366
4367
4368
4369
4375
4377
4378
4379
4382
4383
4384
4385
4387
4388
4396
4400
4401
4402
4404
4405
4407
4413
4415
4416
4419
4421
4423
4427
4428
4429
4430
4432
4434
4435
4436
4437
4440
4442
4445
4446
4449
4451
4452
4453
4454
4456
4457
4458
4460
4462
4463
4464
4465
4468
4469
4472
4473
4474
4475
4478
4479
4480
4481
4483
4486
4492
4493
4495
4500
4501
4507
4508
4509
4511
4514
4515
4519
4520
4522
4525
4527
4528
4530
4531
4532
4533
4536
4538
4539
4543
4544
4546
4550
4551
4552
4553
4554
4555
4556
4557
4561
4562
4566
4567
4569
4571
4574
4576
4577
4581
4584
4585
4589
4590
4591
4593
4594
4596
4603
4606
4607
4608
4609
4611
4613
4619
4625
4626
4627
4628
4629
4630
4631
4633
4637
4642
4644
4645
4647
4648
4650
4652
4655
4657
4661
4662
4663
4664
4670
4675
4678
4679
4680
4681
4687
4689
4691
4692
4696
4697
4701
4702
4703
4711
4712
4713
4716
4717
4718
4719
4720
4723
4725
4729
4730
4731
4732
4733
4739
4741
4742
4743
4744
4745
4746
4747
4749
4750
4751
4752
4753
4754
4755
4757
4759
4761
4762
4764
4766
4768
4773
4776
4778
4781
4787
4789
4791
4792
4793
4795
4797
4799
4800
4802
4804
4805
4806
4807
4808
4814
4815
4817
4819
4821
4822
4824
4827
4829
4830
4831
4834
4837
4839
4841
4842
4843
4846
4847
4851
4852
4853
4854
4855
4859
4865
4866
4867
4868
4869
4870
4873
4874
4875
4876
4880
4881
4884
4885
4887
4888
4889
4890
4891
4892
4893
4895
4904
4905
4909
4910
4911
4912
4916
4917
4919
4921
4923
4924
4928
4929
4931
4932
4934
4935
4936
4941
4942
4943
4945
4946
4948
4950
4952
4955
4957
4960
4963
4965
4966
4968
4969
4974
4975
4982
4984
4985
4990
4991
4993
4996
4997
4998
4999
5000
5001
5005
5009
5010
5011
5013
5015
5018
5019
5020
5023
5024
5028
5030
5031
5033
5036
5040
5041
5043
5044
5048
5053
5054
5056
5057
5059
5062
5064
5067
5071
5072
5074
5077
5080
5082
5083
5085
5086
5090
5099
5100
5101
5103
5104
5107
5111
5112
5113
5116
5117
5118
5119
5120
5125
5126
5127
5130
5131
5133
5135
5136
5137
5139
5142
5143
5146
5150
5151
5154
5155
5156
5159
5161
5165
5167
5172
5173
5176
5177
5178
5184
5186
5187
5192
5196
5199
