2
3
4
5
8
9
11
13
14
15
17
20
21
22
26
27
28
31
34
37
41
45
46
48
49
51
52
53
54
57
58
60
62
64
70
71
74
75
78
82
83
85
87
93
94
95
96
98
99
101
105
106
109
113
114
115
117
118
121
122
124
126
130
131
132
133
134
135
138
142
143
145
147
151
156
160
161
162
164
167
169
170
171
176
177
178
179
180
182
183
185
188
190
191
195
196
198
199
204
206
207
209
210
211
214
215
218
225
227
228
230
232
235
236
238
242
244
245
246
247
249
254
255
259
260
261
264
266
267
268
269
270
271
272
275
276
282
286
288
289
290
292
294
297
298
299
300
303
305
309
311
314
317
320
323
324
325
330
331
332
333
334
335
336
337
340
341
343
347
349
351
353
356
357
359
361
362
364
365
367
369
370
374
376
377
379
380
385
392
393
395
397
398
400
401
413
415
417
420
427
428
429
431
433
437
438
439
440
442
444
445
449
450
458
460
465
470
474
475
476
477
478
479
482
489
491
493
495
498
501
502
503
504
507
508
514
515
516
519
520
522
523
524
525
526
527
528
530
531
532
534
536
537
541
542
543
545
549
551
554
556
560
562
563
565
566
570
572
573
577
579
581
584
586
587
590
594
595
596
597
598
600
601
602
606
607
609
610
612
614
615
616
620
621
622
624
625
626
630
631
632
635
637
643
645
646
647
648
649
650
651
655
659
660
662
668
670
671
672
677
679
683
684
690
691
694
697
699
700
702
704
706
707
710
713
714
717
720
724
726
728
729
730
734
735
737
739
741
742
745
747
749
751
752
753
754
756
757
760
762
766
768
772
773
774
777
779
780
784
785
790
792
800
803
808
817
818
819
820
821
823
824
825
826
829
830
833
835
840
842
843
844
845
846
850
852
853
855
859
860
861
862
863
864
866
868
869
874
875
878
879
880
881
882
884
885
886
887
888
890
891
892
894
895
896
897
898
899
901
902
904
907
908
909
910
911
913
914
918
919
920
922
923
931
932
934
935
939
943
947
949
953
954
955
957
958
960
961
969
970
972
976
978
979
980
981
982
987
989
991
992
993
995
996
1000
1003
1005
1006
1007
1008
1009
1010
1011
1012
1013
1017
1021
1022
1023
1024
1026
1028
1030
1032
1033
1037
1038
1043
1045
1046
1047
1049
1050
1052
1053
1054
1057
1061
1063
1066
1067
1068
1069
1071
1074
1075
1080
1084
1085
1086
1088
1090
1093
1095
1096
1097
1098
1106
1107
1108
1110
1111
1112
1113
1115
1117
1124
1125
1127
1129
1130
1131
1132
1135
1136
1139
1140
1142
1146
1151
1154
1157
1159
1160
1161
1166
1168
1169
1170
1172
1173
1174
1175
1176
1178
1180
1182
1186
1187
1189
1190
1196
1199
1203
1204
1205
1206
1208
1209
1212
1214
1215
1220
1221
1223
1228
1229
1230
1232
1233
1236
1237
1242
1243
1244
1245
1246
1251
1253
1254
1263
1264
1265
1267
1270
1272
1274
1277
1279
1281
1284
1286
1290
1292
1293
1295
1306
1307
1309
1310
1311
1312
1313
1316
1317
1318
1321
1322
1326
1328
1329
1330
1331
1332
1333
1335
1336
1337
1339
1340
1344
1345
1346
1348
1350
1352
1356
1357
1358
1359
1361
1365
1366
1367
1369
1371
1373
1374
1375
1376
1379
1381
1382
1386
1387
1388
1389
1392
1393
1394
1395
1398
1400
1401
1404
1405
1406
1408
1409
1410
1412
1415
1416
1417
1419
1421
1424
1425
1427
1428
1430
1432
1435
1436
1438
1439
1440
1442
1443
1445
1446
1448
1452
1453
1454
1455
1457
1459
1460
1461
1463
1465
1466
1467
1468
1470
1474
1475
1477
1479
1481
1482
1484
1487
1490
1491
1492
1493
1494
1495
1496
1497
1498
1499
1501
1503
1505
1507
1508
1509
1510
1514
1516
1522
1523
1524
1525
1527
1530
1532
1533
1534
1537
1540
1541
1543
1551
1552
1553
1555
1558
1560
1563
1565
1567
1571
1572
1577
1581
1582
1583
1584
1585
1587
1590
1594
1596
1597
1598
1601
1614
1618
1625
1627
1628
1631
1632
1633
1635
1636
1637
1638
1640
1641
1642
1644
1645
1646
1647
1648
1649
1651
1655
1656
1661
1667
1668
1669
1670
1673
1674
1675
1676
1679
1681
1685
1687
1688
1690
1691
1693
1696
1697
1699
1701
1705
1707
1708
1712
1714
1715
1716
1720
1721
1723
1725
1726
1728
1730
1732
1733
1734
1735
1736
1737
1738
1739
1740
1743
1744
1745
1747
1748
1749
1750
1751
1752
1754
1758
1760
1761
1762
1763
1764
1765
1766
1767
1769
1772
1777
1778
1780
1781
1782
1785
1787
1789
1790
1791
1792
1793
1794
1795
1796
1798
1799
1800
1801
1807
1811
1813
1816
1819
1820
1822
1823
1828
1832
1837
1838
1840
1841
1842
1844
1846
1847
1848
1850
1851
1852
1853
1854
1857
1858
1859
1860
1861
1862
1864
1871
1873
1876
1878
1879
1880
1881
1882
1885
1887
1888
1890
1891
1896
1897
1905
1906
1913
1918
1919
1923
1924
1926
1930
1931
1932
1933
1935
1937
1939
1947
1948
1949
1951
1954
1955
1958
1959
1960
1964
1967
1970
1972
1973
1975
1976
1977
1978
1979
1980
1982
1984
1985
1986
1991
1992
1994
1995
1996
1997
1998
1999
2004
2005
2007
2008
2012
2014
2015
2018
2020
2021
2023
2029
2032
2033
2035
2042
2045
2047
2049
2057
2059
2060
2061
2062
2063
2065
2068
2073
2075
2076
2078
2081
2085
2087
2089
2092
2094
2095
2097
2098
2099
2101
2102
2104
2107
2108
2110
2112
2113
2114
2115
2118
2119
2120
2121
2122
2125
2127
2128
2131
2133
2137
2141
2147
2148
2149
2150
2154
2158
2159
2160
2161
2163
2165
2169
2170
2173
2175
2176
2178
2182
2184
2186
2188
2190
2192
2193
2197
2198
2199
2200
2201
2203
2211
2215
2217
2218
2219
2223
2225
2227
2233
2242
2246
2250
2251
2252
2255
2258
2259
2263
2267
2268
2272
2277
2278
2279
2280
2282
2283
2284
2287
2289
2291
2292
2294
2297
2299
2300
2301
2306
2307
2308
2312
2313
2314
2315
2318
2325
2326
2329
2332
2333
2334
2336
2339
2341
2343
2347
2349
2353
2354
2356
2357
2360
2362
2363
2364
2367
2368
2374
2382
2383
2385
2389
2393
2394
2397
2399
2401
2402
2403
2405
2410
2413
2415
2418
2420
2421
2425
2426
2427
2428
2429
2431
2432
2435
2436
2437
2446
2448
2449
2450
2452
2454
2457
2460
2461
2463
2464
2466
2470
2475
2478
2481
2485
2486
2488
2492
2493
2494
2495
2497
2498
2499
2500
2502
2504
2506
2507
2511
2512
2513
2514
2515
2517
2518
2519
2522
2537
2538
2545
2546
2547
2550
2551
2553
2554
2555
2556
2557
2558
2559
2560
2561
2564
2565
2566
2567
2568
2571
2572
2573
2576
2579
2580
2581
2582
2583
2584
2586
2588
2589
2595
2596
2599
2600
2602
2606
2607
2608
2612
2613
2614
2615
2620
2621
2622
2623
2624
2628
2629
2631
2632
2633
2635
2636
2637
2638
2640
2642
2643
2645
2646
2647
2650
2651
2655
2657
2658
2659
2660
2663
2665
2668
2669
2671
2672
2674
2676
2679
2681
2682
2684
2685
2686
2687
2689
2690
2691
2692
2693
2694
2695
2696
2702
2703
2704
2706
2707
2708
2709
2712
2713
2715
2717
2719
2721
2722
2724
2725
2726
2732
2734
2735
2736
2741
2742
2743
2744
2747
2748
2750
2751
2752
2754
2756
2757
2759
2762
2766
2769
2775
2776
2785
2786
2790
2794
2799
2802
2803
2806
2811
2813
2814
2816
2818
2819
2821
2822
2823
2826
2828
2829
2837
2838
2839
2841
2845
2848
2850
2851
2856
2858
2861
2862
2865
2867
2872
2873
2876
2877
2880
2883
2884
2886
2890
2894
2897
2900
2903
2905
2906
2908
2910
2911
2912
2913
2914
2915
2917
2919
2921
2922
2923
2926
2928
2929
2930
2931
2932
2933
2935
2939
2941
2942
2943
2944
2945
2953
2954
2955
2958
2959
2964
2965
2970
2977
2980
2981
2982
2984
2987
2988
2991
2994
2996
2997
3000
3002
3003
3004
3005
3007
3009
3011
3012
3013
3014
3017
3019
3026
3027
3029
3030
3031
3032
3036
3037
3039
3040
3041
3042
3045
3047
3052
3058
3060
3061
3062
3063
3066
3069
3072
3073
3074
3075
3076
3077
3079
3080
3084
3086
3087
3090
3093
3099
3100
3103
3105
3106
3108
3109
3110
3111
3116
3118
3119
3124
3125
3126
3130
3131
3133
3134
3135
3136
3137
3140
3142
3143
3144
3145
3150
3151
3154
3155
3158
3159
3161
3163
3164
3166
3167
3171
3172
3175
3176
3179
3181
3184
3187
3188
3190
3191
3195
3196
3197
3199
3200
3201
3205
3208
3209
3210
3211
3218
3220
3222
3223
3224
3228
3230
3232
3234
3235
3239
3240
3241
3242
3247
3250
3251
3260
3263
3264
3265
3266
3267
3272
3273
3275
3276
3279
3282
3283
3285
3286
3287
3288
3290
3292
3296
3299
3301
3302
3306
3310
3314
3316
3317
3320
3330
3331
3335
3336
3340
3341
3342
3343
3345
3346
3347
3352
3354
3356
3357
3358
3360
3364
3365
3366
3367
3368
3369
3371
3372
3375
3379
3382
3384
3385
3387
3388
3396
3398
3399
3400
3402
3403
3406
3407
3408
3409
3418
3419
3422
3423
3424
3427
3429
3433
3435
3436
3438
3439
3440
3443
3445
3446
3447
3450
3451
3452
3456
3458
3459
3460
3461
3462
3463
3466
3467
3469
3470
3471
3472
3474
3477
3480
3483
3492
3494
3496
3499
3502
3503
3504
3505
3506
3507
3511
3512
3513
3514
3515
3517
3522
3523
3524
3526
3527
3531
3532
3533
3535
3537
3538
3539
3540
3544
3546
3547
3548
3549
3553
3554
3558
3559
3563
3565
3568
3572
3573
3574
3575
3576
3577
3582
3584
3589
3590
3592
3594
3595
3597
3598
3599
3601
3603
3607
3608
3609
3611
3614
3618
3619
3620
3621
3625
3629
3631
3633
3638
3639
3642
3645
3648
3650
3651
3652
3655
3657
3659
3660
3665
3666
3668
3669
3672
3673
3674
3675
3676
3678
3679
3680
3681
3684
3685
3687
3688
3695
3696
3697
3698
3700
3701
3709
3713
3715
3718
3720
3721
3722
3723
3725
3727
3729
3731
3732
3738
3741
3742
3745
3748
3749
3750
3752
3753
3761
3762
3764
3766
3768
3769
3770
3772
3773
3778
3780
3781
3786
3792
3793
3797
3800
3801
3802
3803
3804
3805
3807
3808
3810
3812
3813
3816
3817
3819
3821
3824
3826
3828
3830
3831
3832
3835
3836
3837
3839
3840
3842
3844
3849
3850
3852
3855
3858
3859
3861
3862
3864
3865
3866
3867
3868
3869
3870
3872
3873
3875
3879
3884
3888
3889
3890
3892
3893
3896
3897
3898
3902
3903
3904
3908
3909
3910
3915
3918
3920
3921
3923
3924
3925
3927
3928
3929
3930
3931
3934
3936
3938
3942
3944
3945
3947
3948
3949
3950
3952
3953
3955
3956
3957
3961
3962
3965
3966
3967
3968
3972
3976
3979
3981
3982
3986
3989
3992
3993
3995
3996
3997
3998
3999
4002
4003
4005
4006
4008
4009
4010
4011
4013
4017
4018
4019
4020
4021
4022
4023
4027
4029
4030
4034
4035
4036
4037
4038
4039
4041
4044
4045
4046
4047
4048
4049
4056
4057
4059
4062
4064
4066
4068
4069
4070
4072
4078
4081
4083
4092
4093
4095
4096
4097
4098
4099
4100
4101
4102
4103
4105
4107
4108
4110
4112
4113
4114
4116
4118
4119
4124
4125
4126
4128
4130
4131
4132
4133
4134
4135
4136
4137
4139
4140
4141
4143
4145
4148
4154
4155
4159
4162
4164
4167
4171
4173
4174
4175
4176
4179
4180
4183
4185
4186
4187
4191
4192
4193
4194
4201
4204
4205
4206
4208
4210
4211
4212
4217
4221
4226
4227
4231
4233
4236
4238
4240
4241
4242
4246
4249
4251
4252
4256
4258
4262
4264
4265
4267
4273
4274
4275
4280
4282
4283
4284
4285
4287
4288
4289
4290
4291
4292
4295
4298
4300
4301
4303
4304
4305
4306
4307
4308
4311
4314
4317
4320
4321
4327
4329
4330
4333
4340
4341
4343
4344
4347
4354
4355
4356
4357
4358
4361
4362
4365
4367
4371
4372
4373
4375
4379
4383
4384
4385
4388
4389
4390
4393
4394
4397
4398
4399
4400
4404
4406
4409
4410
4412
4416
4417
4421
4422
4423
4424
4425
4437
4439
4442
4443
4445
4447
4449
4451
4455
4457
4458
4461
4462
4463
4465
4467
4472
4474
4475
4478
4479
4480
4484
4485
4486
4489
4491
4492
4493
4494
4495
4496
4497
4498
4500
4502
4506
4508
4511
4512
4514
4515
4516
4519
4522
4523
4526
4527
4529
4531
4532
4535
4536
4539
4540
4541
4543
4544
4545
4550
4553
4554
4558
4560
4562
4565
4568
4573
4575
4576
4579
4581
4582
4584
4586
4588
4590
4592
4594
4597
4599
4603
4605
4606
4609
4610
4611
4612
4613
4614
4615
4617
4625
4626
4627
4629
4630
4631
4635
4637
4638
4644
4647
4648
4650
4652
4654
4658
4659
4660
4661
4662
4663
4664
4665
4668
4669
4671
4672
4674
4675
4677
4678
4680
4683
4684
4688
4696
4697
4702
4706
4708
4709
4712
4720
4723
4724
4727
4731
4733
4734
4735
4737
4738
4741
4742
4743
4746
4749
4751
4753
4754
4755
4756
4759
4762
4763
4764
4768
4769
4770
4772
4776
4777
4778
4779
4780
4786
4789
4792
4793
4797
4799
4800
4805
4806
4808
4811
4813
4816
4820
4821
4822
4823
4824
4825
4827
4828
4829
4830
4832
4834
4836
4838
4839
4841
4847
4848
4851
4853
4854
4855
4856
4860
4861
4863
4864
4866
4868
4869
4872
4873
4874
4876
4877
4879
4882
4883
4888
4894
4895
4897
4899
4901
4905
4906
4907
4909
4910
4911
4915
4917
4918
4919
4920
4921
4922
4924
4925
4927
4933
4935
4936
4939
4940
4941
4943
4944
4948
4954
4955
4957
4958
4964
4967
4969
4970
4971
4973
4975
4977
4978
4979
4982
4987
4990
4995
4999
5003
5004
5007
5009
5014
5015
5016
5017
5019
5022
5024
5027
5028
5029
5030
5031
5035
5037
5040
5042
5045
5048
5050
5052
5055
5056
5058
5061
5063
5064
5066
5070
5072
5074
5076
5080
5082
5086
5087
5088
5089
5092
5094
5095
5101
5104
5105
5110
5111
5113
5116
5117
5119
5121
5123
5128
5129
5131
5132
5133
5134
5135
5141
5142
5146
5147
5148
5149
5150
5151
5152
5155
5156
5158
5160
5163
5167
5169
5170
5173
5179
5183
5187
5188
5189
5190
5191
5192
5193
5194
5195
5196
