0
3
6
8
10
11
12
14
16
17
19
23
24
31
32
33
36
38
40
48
49
52
54
57
59
60
65
68
69
73
75
76
87
88
89
91
97
98
99
103
104
106
108
111
112
113
114
115
119
123
125
126
128
130
132
136
137
139
142
143
144
145
148
149
150
151
153
154
155
157
159
161
162
165
168
171
174
175
176
180
182
184
185
186
190
194
196
197
203
204
205
208
210
215
217
219
221
224
226
227
230
233
235
237
243
244
245
250
253
258
259
260
261
269
272
274
275
276
277
278
279
280
283
285
286
287
288
289
290
291
292
295
296
299
301
302
304
305
307
308
310
314
318
319
320
321
322
323
324
328
331
334
335
336
338
339
341
342
343
344
346
347
348
351
354
356
357
358
359
361
362
365
366
367
369
374
375
377
379
380
381
382
388
389
391
393
398
403
404
406
408
409
410
416
417
418
421
423
425
428
429
431
433
434
436
438
439
442
443
445
446
447
454
457
459
462
463
466
467
470
477
480
481
482
484
485
487
489
491
493
501
505
506
508
509
514
519
520
522
523
524
526
527
528
529
533
537
538
539
542
543
547
548
549
551
552
556
558
559
560
562
563
566
568
570
571
572
574
575
576
580
583
584
587
589
590
592
593
594
595
596
601
603
604
605
611
612
613
615
617
620
621
624
625
626
629
630
638
639
641
643
644
645
647
651
653
655
660
661
667
670
671
673
675
677
678
681
685
686
687
689
690
694
696
697
700
705
707
708
710
712
717
718
719
720
723
724
731
733
737
738
742
745
748
749
751
752
753
754
757
758
760
762
765
767
770
775
776
777
778
779
781
782
783
784
790
791
792
793
794
797
798
800
801
802
804
806
807
809
813
814
816
826
829
830
833
837
839
840
841
844
848
850
851
853
854
855
858
859
861
862
863
864
866
867
869
870
871
877
878
879
880
883
884
885
887
892
896
898
901
902
903
905
907
911
914
915
916
917
921
923
926
929
930
931
932
934
935
939
941
945
946
948
953
957
958
961
962
963
966
968
973
974
975
977
978
979
984
985
986
987
989
990
992
995
996
997
999
1000
1002
1003
1004
1007
1008
1011
1016
1023
1025
1026
1033
1035
1037
1039
1041
1042
1044
1045
1047
1048
1050
1052
1053
1054
1056
1059
1061
1062
1063
1065
1076
1077
1078
1079
1081
1082
1083
1084
1085
1086
1088
1089
1090
1091
1093
1096
1100
1101
1103
1105
1106
1107
1108
1109
1112
1113
1117
1120
1121
1122
1123
1125
1126
1127
1128
1130
1131
1135
1136
1138
1140
1143
1147
1150
1151
1153
1154
1155
1157
1158
1160
1162
1163
1166
1171
1178
1180
1181
1184
1186
1187
1190
1192
1193
1194
1195
1196
1197
1198
1202
1203
1209
1212
1214
1216
1218
1219
1220
1224
1226
1227
1229
1230
1232
1236
1238
1241
1243
1248
1249
1250
1252
1257
1259
1260
1262
1269
1270
1271
1272
1273
1274
1277
1279
1280
1281
1282
1283
1284
1285
1287
1288
1290
1292
1293
1294
1295
1296
1300
1301
1302
1303
1304
1305
1306
1307
1309
1310
1312
1314
1317
1318
1320
1323
1324
1327
1328
1336
1343
1346
1348
1349
1350
1351
1354
1355
1359
1360
1361
1364
1365
1368
1369
1371
1375
1379
1384
1385
1386
1388
1390
1391
1392
1393
1394
1397
1398
1399
1403
1404
1406
1408
1409
1412
1414
1417
1418
1422
1423
1425
1426
1427
1428
1431
1432
1435
1437
1438
1441
1446
1452
1453
1457
1458
1459
1473
1474
1477
1478
1479
1482
1483
1484
1485
1487
1488
1493
1496
1500
1507
1508
1509
1510
1511
1514
1515
1518
1520
1523
1524
1525
1526
1527
1528
1529
1532
1533
1535
1536
1537
1539
1540
1544
1545
1547
1550
1555
1557
1559
1560
1562
1563
1566
1569
1574
1575
1578
1581
1582
1585
1588
1589
1592
1594
1595
1596
1597
1599
1602
1603
1604
1606
1607
1609
1610
1615
1618
1622
1624
1627
1632
1633
1634
1635
1637
1641
1642
1643
1644
1645
1647
1654
1655
1656
1657
1658
1659
1660
1661
1663
1664
1665
1666
1667
1668
1671
1672
1673
1675
1677
1680
1681
1683
1685
1690
1691
1693
1695
1697
1698
1701
1702
1704
1706
1708
1710
1711
1715
1716
1717
1718
1719
1720
1722
1723
1726
1727
1729
1730
1733
1734
1735
1737
1739
1740
1741
1746
1748
1750
1751
1752
1753
1754
1755
1756
1759
1764
1765
1766
1768
1769
1771
1772
1778
1781
1782
1783
1784
1786
1787
1788
1792
1794
1799
1803
1804
1805
1809
1810
1812
1818
1819
1831
1832
1833
1834
1836
1838
1839
1844
1845
1846
1847
1848
1849
1850
1851
1853
1854
1858
1860
1861
1864
1870
1871
1873
1874
1876
1877
1878
1881
1882
1883
1884
1886
1887
1889
1890
1892
1893
1894
1896
1897
1900
1901
1902
1907
1909
1910
1914
1916
1920
1923
1924
1925
1926
1929
1930
1931
1936
1938
1945
1947
1948
1949
1950
1951
1952
1953
1954
1957
1963
1964
1965
1966
1967
1968
1970
1972
1973
1974
1975
1977
1981
1982
1983
1984
1986
1989
1991
1993
1995
1998
2002
2003
2004
2005
2008
2009
2011
2012
2013
2015
2018
2019
2021
2023
2026
2027
2029
2031
2033
2034
2035
2039
2040
2047
2049
2053
2055
2059
2061
2063
2064
2067
2071
2072
2074
2075
2076
2078
2079
2080
2088
2090
2092
2093
2097
2099
2101
2103
2106
2107
2111
2113
2114
2117
2119
2122
2124
2125
2126
2127
2128
2130
2131
2133
2135
2137
2138
2146
2148
2151
2152
2153
2154
2157
2158
2162
2163
2164
2165
2171
2175
2176
2178
2179
2181
2182
2183
2184
2185
2186
2187
2188
2192
2193
2194
2195
2202
2203
2206
2207
2210
2213
2214
2215
2216
2217
2218
2219
2220
2222
2223
2226
2227
2232
2233
2235
2236
2237
2239
2241
2245
2249
2251
2254
2255
2260
2261
2262
2265
2267
2268
2277
2278
2281
2284
2285
2286
2287
2288
2289
2295
2297
2300
2303
2306
2307
2308
2314
2316
2321
2323
2325
2326
2327
2328
2332
2335
2336
2340
2343
2346
2347
2349
2352
2353
2354
2356
2358
2360
2362
2364
2366
2367
2368
2371
2372
2373
2375
2376
2377
2382
2383
2384
2385
2388
2391
2394
2395
2396
2399
2400
2401
2402
2403
2405
2406
2407
2409
2410
2412
2415
2416
2420
2421
2422
2425
2426
2427
2428
2430
2431
2433
2434
2437
2440
2442
2445
2450
2452
2454
2457
2458
2459
2461
2466
2467
2470
2472
2473
2474
2479
2480
2481
2482
2487
2490
2492
2496
2497
2498
2501
2502
2509
2510
2511
2513
2515
2517
2519
2525
2527
2528
2529
2530
2531
2533
2534
2535
2538
2541
2542
2545
2546
2549
2552
2553
2554
2556
2561
2562
2563
2564
2565
2567
2568
2570
2571
2572
2579
2580
2581
2583
2586
2588
2591
2593
2601
2602
2604
2605
2606
2610
2612
2613
2615
2616
2618
2620
2621
2622
2623
2624
2626
2627
2628
2629
2632
2636
2638
2642
2645
2649
2650
2654
2656
2658
2659
2660
2662
2664
2665
2669
2673
2674
2675
2679
2680
2683
2684
2687
2690
2692
2697
2700
2702
2705
2706
2709
2710
2711
2713
2716
2718
2719
2720
2721
2723
2724
2729
2731
2732
2734
2735
2738
2742
2744
2745
2746
2747
2748
2752
2756
2757
2758
2760
2764
2766
2768
2772
2774
2776
2777
2778
2779
2780
2791
2797
2803
2804
2805
2811
2812
2813
2816
2817
2818
2820
2823
2824
2825
2826
2827
2829
2830
2831
2833
2836
2839
2841
2843
2849
2851
2854
2856
2857
2858
2859
2863
2865
2866
2867
2868
2869
2870
2871
2874
2876
2878
2882
2884
2885
2886
2887
2889
2893
2894
2896
2897
2901
2902
2903
2905
2907
2908
2909
2910
2914
2916
2920
2921
2923
2924
2927
2929
2936
2938
2944
2950
2953
2954
2956
2961
2964
2965
2968
2972
2976
2977
2982
2983
2984
2985
2988
2989
2990
2993
2994
2995
2996
2999
3000
3001
3002
3003
3008
3011
3012
3015
3016
3017
3018
3019
3020
3021
3026
3027
3029
3031
3032
3035
3036
3043
3050
3051
3053
3055
3058
3061
3064
3065
3066
3070
3072
3074
3077
3089
3090
3091
3094
3095
3098
3099
3100
3101
3102
3103
3104
3108
3109
3111
3112
3113
3117
3118
3121
3126
3127
3128
3130
3131
3132
3137
3139
3146
3147
3148
3149
3153
3155
3156
3158
3160
3161
3166
3168
3169
3173
3176
3178
3179
3180
3181
3183
3184
3185
3186
3190
3192
3194
3200
3201
3202
3203
3204
3205
3207
3208
3210
3211
3213
3216
3217
3220
3222
3223
3225
3229
3230
3232
3234
3236
3237
3238
3239
3240
3241
3242
3243
3244
3245
3247
3250
3252
3254
3257
3259
3260
3263
3264
3265
3267
3271
3272
3273
3276
3285
3289
3294
3298
3299
3301
3303
3304
3305
3306
3308
3309
3310
3311
3312
3313
3315
3317
3318
3320
3321
3322
3323
3327
3328
3329
3331
3332
3334
3335
3336
3338
3339
3341
3342
3343
3344
3349
3350
3353
3355
3357
3363
3364
3365
3366
3367
3368
3370
3371
3372
3376
3378
3381
3383
3384
3390
3391
3394
3396
3397
3400
3405
3406
3408
3410
3414
3415
3416
3418
3419
3420
3421
3422
3423
3425
3426
3427
3430
3431
3436
3437
3439
3440
3443
3445
3446
3448
3450
3452
3455
3456
3457
3459
3460
3463
3465
3466
3467
3468
3469
3470
3471
3473
3476
3478
3479
3483
3484
3486
3488
3490
3493
3494
3495
3496
3498
3500
3502
3503
3509
3510
3514
3515
3516
3517
3518
3520
3523
3525
3531
3534
3535
3537
3539
3543
3545
3548
3549
3553
3554
3555
3557
3558
3560
3565
3566
3567
3568
3570
3571
3576
3577
3582
3586
3587
3589
3590
3596
3597
3599
3602
3603
3607
3608
3610
3612
3615
3617
3618
3620
3621
3622
3623
3624
3627
3632
3636
3637
3639
3643
3648
3653
3655
3658
3659
3660
3661
3662
3667
3672
3673
3674
3677
3682
3684
3687
3690
3691
3693
3694
3695
3696
3697
3701
3703
3710
3712
3713
3714
3716
3718
3719
3725
3727
3729
3730
3732
3741
3742
3743
3744
3745
3749
3753
3754
3756
3760
3761
3762
3763
3764
3765
3768
3769
3773
3777
3778
3779
3781
3788
3789
3790
3791
3792
3793
3797
3799
3805
3806
3807
3808
3809
3810
3812
3817
3818
3819
3823
3824
3825
3827
3828
3830
3831
3832
3833
3835
3837
3839
3843
3844
3846
3847
3851
3852
3856
3859
3861
3863
3865
3869
3871
3873
3875
3877
3878
3879
3883
3887
3888
3891
3892
3895
3896
3900
3901
3902
3903
3907
3909
3911
3916
3918
3919
3920
3921
3922
3927
3929
3940
3941
3942
3944
3947
3948
3949
3951
3953
3957
3958
3959
3963
3964
3966
3969
3971
3973
3975
3976
3979
3983
3984
3986
3989
3993
3995
3996
3998
4000
4001
4003
4006
4007
4008
4011
4013
4014
4015
4016
4017
4018
4020
4026
4028
4030
4031
4032
4033
4034
4037
4038
4041
4042
4043
4044
4045
4048
4049
4051
4053
4054
4055
4058
4059
4060
4062
4063
4067
4069
4073
4075
4077
4078
4080
4082
4083
4084
4085
4090
4096
4098
4099
4100
4103
4105
4107
4109
4111
4112
4113
4116
4117
4118
4120
4122
4123
4130
4132
4133
4136
4138
4141
4142
4147
4149
4151
4152
4153
4157
4159
4164
4166
4170
4171
4172
4173
4174
4175
4192
4193
4195
4201
4202
4204
4208
4209
4213
4219
4222
4225
4227
4229
4230
4231
4232
4234
4236
4239
4240
4241
4242
4243
4245
4247
4251
4257
4258
4260
4264
4266
4267
4270
4272
4273
4275
4276
4277
4278
4279
4280
4282
4283
4284
4285
4286
4287
4290
4291
4294
4295
4296
4298
4300
4301
4302
4303
4304
4306
4308
4309
4310
4313
4314
4315
4317
4319
4321
4324
4325
4327
4328
4329
4330
4332
4335
4340
4344
4346
4348
4352
4353
4354
4356
4357
4358
4359
4362
4363
4364
4367
4368
4369
4372
4373
4376
4377
4378
4387
4391
4392
4394
4395
4396
4398
4399
4400
4404
4408
4409
4412
4413
4417
4418
4419
4422
4425
4427
4428
4430
4433
4434
4435
4436
4441
4442
4445
4449
4450
4451
4452
4454
4455
4458
4459
4460
4461
4462
4466
4468
4471
4472
4474
4475
4478
4479
4481
4482
4484
4485
4488
4491
4493
4494
4495
4496
4497
4499
4501
4502
4503
4505
4506
4507
4508
4509
4511
4514
4516
4517
4518
4520
4521
4524
4527
4529
4530
4532
4533
4534
4535
4536
4538
4539
4542
4550
4553
4556
4559
4561
4562
4566
4572
4573
4576
4577
4580
4581
4585
4589
4590
4594
4596
4598
4602
4603
4606
4608
4609
4614
4615
4616
4619
4620
4623
4628
4629
4630
4631
4633
4637
4639
4643
4644
4645
4650
4651
4653
4654
4655
4658
4664
4666
4667
4673
4675
4676
4677
4680
4682
4683
4684
4687
4689
4691
4693
4696
4698
4699
4701
4702
4705
4711
4712
4713
4714
4716
4717
4718
4720
4721
4722
4723
4725
4726
4728
4729
4730
4731
4734
4737
4738
4740
4745
4751
4752
4754
4756
4759
4761
4764
4765
4768
4770
4772
4775
4776
4778
4780
4781
4782
4783
4785
4786
4787
4788
4792
4797
4800
4802
4807
4810
4813
4816
4818
4821
4822
4824
4825
4830
4831
4834
4836
4837
4838
4839
4840
4844
4848
4851
4854
4855
4856
4857
4864
4865
4866
4867
4869
4870
4871
4873
4875
4877
4878
4879
4880
4881
4883
4884
4885
4886
4887
4894
4897
4899
4908
4909
4910
4912
4913
4914
4916
4918
4920
4928
4935
4938
4939
4941
4942
4944
4946
4947
4948
4949
4950
4951
4952
4953
4954
4955
4957
4963
4964
4965
4967
4969
4971
4974
4976
4977
4978
4979
4982
4983
4986
4987
4988
4991
4992
4993
4994
4997
4998
5003
5006
5007
5009
5010
5011
5013
5015
5016
5018
5019
5020
5022
5027
5032
5034
5038
5039
5040
5041
5042
5043
5044
5045
5046
5048
5050
5051
5053
5054
5055
5057
5059
5060
5061
5062
5063
5065
5067
5068
5070
5072
5073
5074
5076
5079
5080
5081
5082
5083
5084
5089
5090
5094
5095
5098
5099
5101
5103
5107
5109
5110
5111
5112
5114
5116
5117
5118
5120
5122
5124
5126
5127
5130
5133
5134
5137
5138
5143
5145
5149
5152
5156
5161
5162
5170
5171
5176
5178
5180
5182
5183
5185
5186
5187
5189
5190
5191
5193
5195
5196
5197
5198
5200
