1
2
4
5
6
9
11
13
15
17
18
20
25
27
29
30
31
36
38
44
47
48
49
51
52
54
56
57
58
59
62
63
65
67
68
69
70
71
73
74
76
77
80
84
85
89
90
94
95
100
102
108
109
113
115
116
119
120
121
123
124
126
128
131
134
136
137
138
140
142
143
146
147
148
149
152
153
154
156
160
162
165
168
169
171
172
173
174
175
176
177
179
181
182
183
186
187
194
196
197
198
200
202
203
204
205
206
208
210
211
213
216
217
221
223
224
225
226
230
231
235
237
244
245
246
248
250
251
253
254
256
258
259
262
263
265
267
272
274
280
282
284
287
288
290
291
294
295
297
300
301
303
304
306
307
311
314
315
318
319
320
321
323
324
325
327
328
330
332
334
335
337
350
353
354
356
359
360
366
370
371
372
373
374
375
376
378
380
381
382
385
387
388
390
391
394
395
396
399
400
401
404
407
408
409
410
411
415
416
419
421
432
433
434
435
436
437
439
443
447
449
452
453
456
457
458
459
460
462
463
465
466
467
469
470
471
476
478
480
482
483
484
485
486
489
490
492
496
498
501
505
506
507
508
511
512
514
515
516
518
519
523
525
526
530
532
534
535
538
539
540
545
546
548
552
554
555
557
558
561
563
565
567
568
569
570
572
574
575
576
584
585
586
588
589
591
595
596
601
602
603
604
606
607
608
609
611
612
616
618
620
626
627
630
631
632
634
636
637
639
640
641
642
643
645
646
647
648
652
653
654
662
663
664
667
673
674
676
680
681
683
684
685
686
687
691
692
693
694
695
697
698
699
700
701
702
707
708
709
710
711
714
717
719
720
721
723
728
729
730
731
733
734
736
737
738
740
741
742
747
749
750
753
755
759
762
763
765
767
768
771
773
775
777
779
780
781
784
785
790
792
793
796
798
799
800
801
802
804
807
808
810
814
817
818
819
821
822
824
826
827
832
834
835
836
838
840
843
844
846
848
852
855
858
861
862
863
864
865
867
870
872
873
874
877
879
880
882
885
887
888
890
891
894
895
898
899
900
902
903
904
906
908
911
915
916
917
918
920
922
923
924
928
929
930
932
934
937
940
941
942
944
946
947
949
951
952
957
958
960
961
963
964
965
967
972
975
978
979
980
982
985
986
990
992
994
996
998
999
1001
1007
1010
1013
1014
1016
1017
1018
1020
1021
1023
1024
1025
1030
1032
1038
1042
1045
1047
1049
1050
1053
1054
1055
1056
1060
1062
1064
1071
1074
1076
1078
1079
1082
1083
1085
1086
1087
1089
1090
1094
1099
1100
1104
1105
1106
1108
1110
1111
1112
1113
1114
1116
1119
1120
1122
1125
1127
1133
1134
1135
1136
1138
1140
1143
1144
1145
1151
1155
1157
1159
1160
1161
1164
1167
1170
1171
1174
1175
1176
1177
1181
1187
1190
1191
1192
1196
1197
1198
1199
1202
1203
1207
1209
1210
1212
1214
1215
1216
1217
1220
1221
1223
1224
1225
1226
1227
1229
1232
1233
1235
1240
1241
1243
1245
1246
1248
1253
1254
1255
1256
1257
1270
1271
1272
1277
1279
1282
1283
1284
1285
1290
1292
1293
1296
1297
1298
1299
1300
1302
1303
1305
1307
1313
1314
1318
1319
1320
1321
1323
1326
1327
1328
1331
1334
1335
1336
1337
1341
1345
1348
1350
1352
1353
1360
1363
1365
1368
1370
1373
1376
1377
1379
1383
1384
1385
1388
1389
1391
1393
1395
1398
1400
1404
1408
1409
1410
1411
1412
1414
1418
1419
1420
1422
1423
1424
1426
1427
1429
1433
1434
1435
1436
1438
1440
1441
1444
1445
1447
1448
1449
1452
1453
1454
1456
1460
1461
1462
1468
1469
1471
1474
1477
1479
1482
1486
1487
1489
1493
1497
1499
1501
1502
1503
1508
1509
1511
1515
1516
1517
1518
1520
1521
1523
1526
1527
1528
1531
1532
1533
1535
1536
1537
1540
1541
1543
1545
1549
1551
1552
1555
1556
1560
1562
1563
1564
1569
1570
1571
1572
1573
1574
1576
1579
1581
1586
1588
1592
1594
1595
1597
1600
1601
1603
1607
1608
1611
1613
1614
1618
1619
1621
1622
1623
1626
1631
1632
1633
1634
1638
1639
1640
1642
1644
1647
1648
1651
1656
1658
1661
1662
1663
1667
1668
1671
1673
1674
1677
1678
1679
1682
1683
1684
1686
1687
1689
1690
1691
1693
1694
1697
1699
1700
1701
1702
1707
1710
1711
1712
1713
1714
1717
1719
1721
1722
1728
1729
1730
1731
1732
1733
1737
1738
1740
1743
1747
1749
1750
1751
1755
1758
1760
1761
1765
1768
1769
1771
1773
1774
1775
1776
1779
1781
1787
1790
1791
1794
1795
1796
1798
1799
1800
1801
1805
1806
1807
1808
1810
1811
1814
1817
1822
1823
1826
1827
1830
1832
1835
1837
1838
1842
1843
1844
1846
1849
1852
1857
1859
1860
1861
1862
1864
1865
1866
1874
1876
1877
1878
1879
1880
1882
1883
1884
1885
1889
1891
1892
1896
1899
1900
1903
1904
1905
1907
1908
1909
1910
1911
1912
1913
1916
1918
1919
1921
1922
1923
1927
1931
1932
1933
1935
1938
1941
1943
1944
1945
1946
1948
1949
1953
1954
1956
1959
1960
1964
1966
1969
1971
1972
1973
1976
1977
1980
1982
1985
1986
1987
1988
1992
1994
1997
1999
2003
2004
2006
2007
2008
2011
2012
2013
2019
2020
2021
2024
2025
2026
2028
2031
2033
2034
2035
2036
2037
2040
2041
2042
2043
2045
2046
2047
2048
2049
2052
2053
2054
2055
2056
2057
2060
2064
2066
2069
2071
2072
2075
2076
2077
2081
2082
2086
2088
2089
2094
2096
2097
2098
2100
2102
2104
2105
2108
2112
2113
2114
2115
2117
2118
2119
2121
2122
2124
2128
2129
2131
2132
2134
2136
2138
2139
2147
2148
2150
2151
2154
2155
2156
2158
2160
2162
2164
2166
2167
2173
2174
2176
2177
2178
2179
2180
2182
2183
2184
2185
2186
2190
2191
2193
2194
2196
2198
2202
2203
2205
2206
2207
2208
2211
2222
2223
2224
2228
2229
2230
2231
2235
2236
2237
2241
2243
2245
2247
2251
2253
2254
2256
2258
2261
2266
2268
2270
2272
2277
2278
2279
2281
2283
2287
2288
2289
2290
2291
2293
2294
2296
2297
2298
2299
2300
2302
2304
2307
2309
2310
2312
2314
2316
2318
2319
2320
2321
2326
2331
2333
2335
2336
2338
2340
2341
2344
2345
2346
2348
2350
2353
2358
2359
2360
2362
2363
2365
2366
2369
2371
2373
2375
2377
2379
2380
2384
2385
2387
2390
2392
2397
2403
2405
2406
2407
2409
2410
2411
2418
2420
2422
2424
2425
2427
2431
2432
2434
2438
2439
2441
2443
2444
2446
2449
2450
2451
2452
2453
2457
2460
2463
2464
2466
2467
2468
2469
2470
2471
2472
2473
2476
2479
2480
2488
2490
2491
2492
2493
2495
2496
2497
2499
2500
2501
2503
2505
2506
2507
2508
2509
2510
2512
2514
2517
2518
2522
2525
2526
2527
2528
2529
2531
2532
2534
2535
2536
2541
2543
2547
2548
2554
2555
2556
2565
2568
2569
2570
2572
2573
2574
2575
2577
2578
2580
2583
2584
2585
2586
2589
2594
2595
2598
2600
2601
2604
2606
2613
2614
2619
2621
2623
2625
2627
2628
2629
2630
2631
2636
2638
2640
2642
2643
2645
2647
2648
2650
2658
2659
2661
2662
2663
2665
2666
2668
2669
2673
2677
2678
2682
2684
2687
2689
2690
2692
2697
2698
2699
2701
2708
2709
2710
2712
2713
2715
2724
2725
2727
2732
2735
2736
2738
2739
2742
2743
2745
2746
2752
2753
2754
2758
2760
2761
2762
2763
2764
2766
2768
2770
2771
2772
2773
2774
2776
2777
2782
2784
2785
2786
2787
2788
2791
2793
2797
2804
2806
2808
2809
2810
2814
2817
2819
2820
2822
2823
2824
2825
2828
2829
2830
2832
2835
2836
2837
2839
2841
2842
2844
2845
2848
2852
2853
2856
2857
2858
2859
2863
2865
2868
2869
2872
2875
2878
2882
2885
2894
2896
2897
2898
2899
2903
2904
2906
2907
2908
2909
2911
2913
2916
2917
2920
2923
2924
2926
2931
2934
2936
2937
2938
2940
2941
2942
2944
2945
2946
2949
2950
2951
2954
2955
2956
2957
2959
2960
2964
2966
2967
2969
2975
2977
2978
2980
2986
2988
2989
2991
2993
2995
2996
2998
3000
3003
3004
3005
3006
3008
3009
3011
3012
3013
3017
3019
3022
3026
3027
3028
3032
3035
3041
3042
3043
3045
3046
3050
3051
3053
3055
3056
3061
3063
3065
3066
3072
3074
3079
3080
3081
3082
3083
3084
3087
3088
3090
3095
3096
3097
3100
3102
3103
3107
3108
3111
3112
3117
3121
3122
3123
3126
3127
3128
3131
3133
3136
3137
3138
3140
3141
3142
3143
3144
3145
3146
3147
3149
3151
3152
3153
3154
3156
3157
3158
3163
3174
3177
3178
3180
3182
3183
3184
3185
3186
3188
3191
3195
3196
3197
3198
3203
3205
3208
3209
3211
3212
3215
3217
3218
3219
3222
3223
3224
3225
3226
3228
3231
3235
3236
3238
3240
3245
3246
3247
3250
3253
3258
3259
3264
3265
3268
3270
3272
3277
3282
3283
3285
3301
3302
3303
3304
3307
3309
3310
3316
3319
3322
3323
3325
3326
3327
3330
3331
3333
3334
3337
3338
3339
3340
3345
3348
3349
3352
3354
3356
3359
3362
3363
3367
3368
3371
3373
3376
3382
3385
3391
3392
3393
3394
3399
3400
3401
3402
3404
3406
3409
3412
3416
3418
3419
3420
3422
3425
3426
3428
3430
3438
3440
3445
3446
3448
3450
3451
3452
3453
3455
3457
3458
3460
3461
3462
3467
3470
3473
3474
3476
3481
3482
3483
3484
3485
3487
3490
3492
3493
3496
3497
3499
3500
3504
3505
3506
3507
3510
3512
3515
3516
3517
3521
3523
3524
3527
3528
3529
3531
3532
3536
3538
3541
3543
3544
3545
3546
3547
3548
3549
3550
3551
3554
3556
3558
3560
3561
3562
3571
3575
3576
3577
3582
3583
3585
3586
3587
3588
3590
3591
3596
3599
3601
3606
3607
3608
3609
3610
3614
3615
3616
3622
3623
3624
3625
3626
3630
3631
3637
3640
3641
3649
3650
3651
3654
3656
3658
3659
3660
3661
3662
3664
3673
3675
3677
3680
3682
3688
3689
3694
3701
3702
3708
3713
3716
3718
3720
3722
3724
3725
3726
3729
3731
3734
3735
3737
3738
3739
3741
3742
3743
3745
3748
3751
3754
3757
3758
3759
3760
3761
3762
3764
3766
3770
3773
3774
3776
3779
3780
3781
3783
3785
3794
3796
3797
3798
3801
3802
3803
3805
3806
3808
3809
3810
3812
3814
3816
3818
3819
3829
3830
3831
3832
3834
3835
3836
3838
3840
3845
3846
3848
3850
3851
3853
3855
3857
3860
3864
3869
3872
3873
3875
3876
3877
3878
3881
3882
3886
3887
3889
3891
3892
3895
3898
3901
3903
3904
3905
3907
3910
3912
3913
3914
3915
3917
3922
3924
3925
3927
3932
3933
3934
3935
3936
3937
3942
3943
3949
3950
3951
3952
3954
3955
3957
3958
3965
3966
3969
3970
3972
3973
3975
3977
3978
3979
3981
3982
3983
3984
3985
3986
3988
3989
3990
3996
4003
4004
4005
4010
4011
4012
4016
4020
4021
4022
4023
4033
4034
4043
4045
4047
4048
4049
4050
4052
4055
4059
4060
4061
4062
4064
4065
4066
4067
4068
4071
4073
4075
4076
4077
4078
4080
4082
4085
4087
4088
4089
4090
4092
4094
4096
4098
4100
4101
4102
4106
4107
4108
4111
4112
4113
4114
4115
4116
4117
4118
4121
4122
4129
4132
4136
4140
4149
4151
4156
4159
4160
4161
4165
4170
4172
4173
4180
4187
4191
4195
4197
4199
4201
4205
4206
4211
4212
4218
4219
4224
4225
4228
4229
4230
4231
4232
4235
4236
4238
4243
4244
4245
4246
4247
4249
4253
4257
4262
4264
4266
4268
4274
4278
4280
4284
4287
4288
4289
4290
4296
4297
4298
4301
4303
4304
4305
4306
4309
4310
4311
4313
4316
4319
4320
4322
4323
4327
4328
4331
4333
4335
4336
4338
4344
4345
4346
4347
4350
4351
4352
4353
4354
4355
4357
4358
4359
4364
4365
4366
4372
4373
4375
4376
4381
4383
4384
4385
4386
4387
4391
4396
4400
4403
4404
4406
4407
4410
4413
4414
4415
4416
4417
4418
4421
4424
4426
4428
4429
4431
4433
4438
4439
4440
4441
4442
4445
4449
4456
4458
4464
4466
4467
4470
4471
4474
4475
4477
4491
4492
4493
4494
4496
4497
4499
4501
4502
4503
4509
4510
4512
4513
4514
4515
4517
4520
4521
4523
4529
4530
4531
4533
4536
4538
4541
4542
4543
4544
4547
4552
4557
4558
4561
4562
4564
4566
4567
4568
4570
4571
4574
4575
4576
4578
4580
4581
4582
4586
4588
4596
4598
4599
4600
4601
4603
4604
4607
4608
4609
4610
4617
4618
4622
4624
4626
4627
4629
4630
4631
4638
4639
4640
4641
4643
4644
4646
4647
4652
4653
4658
4659
4663
4664
4666
4667
4668
4669
4670
4673
4674
4676
4677
4681
4682
4683
4685
4686
4690
4691
4692
4693
4695
4696
4698
4699
4701
4704
4705
4708
4710
4713
4715
4716
4717
4720
4726
4727
4728
4731
4732
4735
4736
4737
4739
4741
4744
4746
4748
4749
4750
4757
4760
4767
4769
4771
4775
4778
4779
4780
4783
4785
4786
4789
4790
4796
4797
4800
4802
4803
4810
4813
4816
4821
4822
4823
4826
4827
4828
4829
4831
4832
4833
4836
4837
4840
4842
4843
4845
4848
4849
4854
4859
4860
4861
4862
4863
4864
4865
4866
4867
4868
4869
4870
4871
4872
4873
4875
4876
4877
4878
4879
4880
4882
4883
4887
4890
4891
4895
4897
4899
4902
4903
4905
4907
4911
4912
4914
4920
4922
4924
4925
4926
4929
4934
4936
4939
4941
4942
4943
4945
4948
4949
4950
4951
4952
4953
4954
4955
4956
4957
4960
4961
4962
4966
4967
4969
4971
4973
4974
4977
4980
4982
4984
4986
4990
4992
4993
5001
5002
5003
5004
5005
5008
5009
5010
5012
5014
5015
5016
5018
5020
5026
5027
5029
5033
5034
5035
5040
5044
5046
5047
5048
5049
5050
5051
5055
5057
5059
5061
5065
5067
5069
5070
5071
5072
5073
5075
5078
5079
5080
5082
5083
5088
5090
5092
5097
5101
5102
5104
5105
5106
5107
5115
5116
5119
5120
5123
5124
5126
5128
5129
5130
5131
5135
5136
5137
5140
5145
5146
5147
5151
5152
5153
5154
5157
5158
5159
5165
5166
5172
5173
5174
5177
5178
5181
5183
5185
5187
5188
5189
5190
5191
5193
5194
5198
5199
5200
