1
4
5
6
9
11
15
19
22
26
27
30
32
36
39
40
45
47
52
54
55
58
59
61
63
64
65
66
67
68
72
73
75
78
79
80
83
85
86
88
95
96
97
101
102
103
108
109
110
113
114
127
129
131
132
133
136
139
140
142
143
144
145
146
149
150
153
156
159
167
169
170
171
173
174
176
179
181
182
183
184
185
187
192
196
197
198
202
205
206
207
212
214
216
221
226
227
228
229
235
239
240
243
251
252
255
257
258
259
260
261
262
264
265
266
267
271
272
275
276
277
278
281
282
283
286
287
295
296
301
302
307
309
310
311
312
313
314
315
317
320
321
325
326
328
329
330
332
337
339
340
341
342
343
348
351
354
356
358
360
363
365
367
374
375
376
381
382
385
391
392
394
399
400
401
402
403
404
406
407
410
414
417
418
419
420
421
424
425
428
430
431
434
435
440
441
442
443
446
452
456
457
458
459
461
463
465
466
467
469
470
471
472
473
480
482
483
486
489
493
495
497
499
501
502
510
514
521
523
524
525
527
528
529
530
537
538
539
540
542
543
547
549
550
551
555
557
558
562
564
566
569
572
574
575
576
577
582
584
585
591
592
594
595
596
598
603
605
606
609
610
612
613
614
615
619
620
626
627
628
629
630
631
632
633
634
635
636
637
638
640
642
643
645
646
647
648
651
652
653
657
659
661
663
664
665
666
668
669
671
673
674
681
683
688
689
691
694
695
697
698
707
708
712
713
714
719
720
723
726
728
730
734
735
740
741
742
743
751
752
753
756
757
758
761
762
763
766
767
770
771
772
773
774
777
778
779
780
782
785
787
790
793
795
800
803
804
811
812
813
814
816
818
822
824
825
826
827
828
830
833
834
836
838
839
840
844
845
846
847
848
849
853
854
855
857
859
861
862
863
864
868
871
873
877
879
881
883
885
887
888
889
891
892
894
896
897
898
899
903
904
905
907
908
909
911
912
914
920
921
922
923
924
928
929
932
934
935
936
937
938
944
946
948
949
956
958
959
960
961
964
965
967
973
974
975
976
978
982
983
984
985
986
989
990
992
994
995
998
999
1004
1007
1011
1012
1013
1015
1017
1022
1026
1028
1029
1030
1032
1033
1037
1038
1039
1040
1042
1045
1049
1050
1051
1052
1054
1056
1058
1064
1065
1067
1071
1072
1075
1077
1079
1080
1081
1082
1086
1089
1091
1095
1098
1102
1103
1106
1108
1109
1110
1111
1113
1114
1116
1118
1119
1120
1123
1124
1128
1129
1131
1136
1140
1141
1146
1148
1149
1151
1152
1156
1157
1159
1160
1161
1162
1163
1164
1167
1168
1169
1171
1172
1173
1175
1178
1179
1183
1184
1186
1188
1190
1191
1202
1203
1205
1211
1212
1214
1215
1219
1220
1222
1223
1225
1226
1228
1230
1231
1232
1233
1237
1239
1242
1243
1246
1248
1249
1250
1255
1258
1259
1260
1262
1265
1267
1268
1270
1271
1272
1274
1279
1281
1282
1284
1285
1286
1287
1289
1291
1293
1296
1297
1298
1300
1301
1302
1303
1305
1306
1308
1311
1312
1315
1316
1318
1319
1320
1321
1322
1323
1324
1325
1326
1327
1329
1330
1331
1335
1338
1339
1341
1344
1346
1347
1348
1349
1350
1352
1353
1356
1358
1362
1363
1365
1367
1369
1371
1378
1380
1381
1385
1386
1391
1393
1396
1408
1414
1415
1416
1417
1419
1421
1422
1425
1426
1427
1428
1429
1430
1431
1432
1434
1435
1436
1437
1439
1440
1442
1443
1444
1446
1448
1450
1451
1452
1453
1456
1457
1458
1462
1463
1465
1467
1468
1469
1470
1472
1475
1480
1482
1484
1485
1487
1490
1491
1492
1493
1495
1497
1498
1499
1501
1503
1504
1505
1508
1509
1512
1513
1514
1515
1516
1517
1521
1522
1525
1528
1530
1532
1535
1536
1538
1539
1541
1542
1544
1545
1546
1548
1549
1550
1553
1555
1557
1558
1560
1561
1562
1563
1565
1566
1567
1568
1570
1571
1572
1573
1575
1583
1584
1585
1586
1589
1590
1591
1592
1593
1594
1595
1599
1601
1603
1604
1605
1610
1614
1615
1617
1618
1620
1621
1623
1624
1625
1626
1629
1631
1637
1640
1643
1646
1653
1655
1657
1659
1660
1662
1663
1667
1668
1669
1670
1671
1672
1675
1677
1679
1680
1681
1682
1683
1684
1685
1687
1689
1691
1694
1695
1696
1697
1699
1701
1704
1708
1710
1715
1716
1717
1719
1720
1722
1723
1726
1728
1731
1732
1733
1735
1739
1742
1743
1747
1749
1751
1754
1755
1756
1757
1758
1761
1764
1765
1768
1771
1772
1778
1781
1784
1785
1789
1791
1792
1793
1795
1796
1797
1798
1799
1801
1804
1806
1807
1808
1809
1810
1811
1812
1818
1821
1824
1825
1827
1831
1832
1835
1836
1837
1839
1840
1841
1842
1845
1848
1849
1851
1852
1853
1854
1856
1858
1861
1863
1866
1867
1871
1873
1877
1881
1884
1885
1886
1887
1888
1890
1891
1893
1894
1895
1896
1897
1898
1900
1901
1903
1904
1909
1910
1911
1915
1916
1917
1918
1919
1921
1927
1928
1931
1932
1934
1935
1938
1939
1944
1947
1949
1950
1952
1955
1956
1957
1958
1963
1964
1966
1970
1972
1973
1980
1981
1985
1986
1987
1992
1993
1994
1995
2001
2004
2005
2009
2011
2018
2023
2025
2029
2031
2032
2033
2034
2036
2037
2039
2040
2043
2045
2050
2051
2052
2053
2056
2057
2058
2061
2063
2064
2066
2075
2083
2084
2085
2088
2092
2094
2095
2099
2100
2104
2106
2110
2111
2112
2114
2116
2120
2122
2123
2124
2125
2126
2128
2129
2130
2133
2135
2139
2147
2152
2157
2158
2159
2160
2161
2164
2165
2169
2170
2171
2172
2173
2174
2179
2181
2182
2187
2189
2191
2192
2194
2195
2196
2197
2198
2200
2202
2204
2206
2207
2208
2210
2212
2213
2215
2216
2217
2219
2222
2224
2225
2226
2228
2231
2240
2241
2242
2243
2244
2245
2246
2248
2249
2250
2252
2255
2256
2259
2260
2261
2263
2266
2267
2268
2270
2275
2276
2277
2278
2280
2283
2285
2286
2287
2290
2291
2294
2297
2298
2299
2301
2304
2305
2306
2309
2310
2312
2316
2319
2321
2323
2326
2331
2332
2333
2336
2337
2347
2350
2356
2357
2358
2359
2360
2363
2365
2367
2368
2369
2370
2373
2374
2375
2376
2377
2378
2379
2381
2383
2384
2388
2391
2392
2396
2399
2402
2404
2406
2408
2410
2413
2416
2417
2427
2430
2432
2433
2434
2435
2442
2443
2444
2446
2448
2453
2456
2457
2458
2459
2460
2462
2463
2465
2466
2467
2468
2470
2471
2472
2479
2480
2484
2485
2488
2489
2490
2491
2500
2502
2505
2506
2507
2508
2510
2511
2512
2514
2515
2516
2517
2519
2520
2523
2525
2527
2528
2531
2533
2536
2537
2538
2539
2541
2543
2545
2546
2547
2549
2551
2552
2563
2564
2566
2567
2572
2573
2574
2576
2577
2578
2580
2581
2583
2585
2586
2587
2590
2594
2596
2597
2598
2600
2603
2606
2610
2611
2612
2616
2618
2621
2622
2627
2630
2633
2634
2635
2636
2637
2638
2639
2640
2642
2655
2656
2657
2658
2659
2663
2668
2672
2673
2676
2677
2679
2680
2682
2683
2684
2685
2686
2690
2691
2693
2702
2705
2706
2707
2709
2710
2713
2714
2718
2719
2722
2724
2727
2732
2735
2736
2737
2739
2740
2742
2743
2747
2749
2750
2752
2754
2756
2758
2759
2760
2763
2766
2768
2772
2773
2776
2777
2781
2782
2785
2789
2793
2796
2799
2801
2803
2806
2809
2810
2813
2818
2822
2823
2824
2826
2827
2828
2829
2830
2834
2835
2836
2838
2840
2842
2844
2845
2846
2848
2850
2854
2856
2857
2858
2859
2861
2863
2866
2869
2870
2872
2874
2875
2876
2878
2879
2881
2882
2883
2886
2896
2898
2902
2903
2904
2905
2906
2907
2908
2915
2916
2917
2918
2919
2920
2922
2923
2924
2926
2927
2929
2933
2936
2937
2939
2941
2942
2945
2946
2947
2948
2950
2957
2960
2961
2962
2963
2964
2965
2967
2968
2969
2971
2972
2974
2975
2976
2979
2980
2982
2985
2988
2991
2993
2995
2996
3000
3001
3002
3003
3005
3006
3007
3008
3009
3011
3013
3017
3021
3022
3023
3025
3026
3032
3040
3043
3048
3051
3053
3055
3056
3058
3059
3061
3063
3065
3067
3068
3072
3073
3074
3076
3078
3080
3081
3082
3085
3088
3092
3094
3095
3096
3097
3098
3102
3106
3109
3117
3121
3125
3126
3127
3128
3129
3130
3134
3135
3138
3140
3145
3146
3147
3148
3149
3153
3154
3157
3158
3162
3163
3165
3167
3171
3172
3174
3175
3177
3178
3179
3180
3183
3184
3187
3190
3191
3192
3196
3198
3200
3201
3202
3203
3207
3209
3212
3214
3220
3221
3225
3226
3228
3230
3234
3236
3237
3240
3241
3242
3244
3246
3249
3250
3251
3252
3256
3257
3260
3264
3265
3267
3270
3276
3277
3281
3285
3287
3288
3289
3291
3292
3296
3297
3299
3300
3301
3303
3304
3307
3309
3310
3312
3313
3316
3318
3320
3323
3326
3329
3330
3333
3336
3338
3342
3345
3346
3349
3350
3351
3354
3358
3359
3360
3362
3363
3365
3369
3370
3373
3374
3375
3377
3379
3380
3381
3382
3383
3384
3385
3387
3388
3389
3391
3395
3399
3402
3403
3404
3407
3409
3420
3421
3422
3423
3424
3426
3427
3428
3430
3431
3433
3437
3439
3440
3441
3443
3450
3451
3452
3455
3456
3458
3459
3460
3462
3464
3469
3472
3474
3476
3481
3483
3484
3487
3494
3496
3498
3503
3505
3506
3507
3509
3511
3512
3513
3516
3518
3520
3521
3523
3524
3526
3527
3528
3529
3530
3533
3537
3538
3540
3541
3543
3545
3547
3549
3551
3552
3553
3555
3556
3558
3560
3563
3564
3565
3567
3569
3570
3572
3574
3576
3577
3580
3583
3584
3585
3589
3591
3593
3595
3596
3597
3598
3601
3603
3604
3607
3609
3611
3612
3615
3616
3619
3621
3622
3624
3626
3627
3628
3632
3634
3636
3638
3639
3641
3642
3644
3646
3647
3648
3650
3651
3653
3657
3666
3668
3670
3674
3677
3678
3680
3682
3684
3686
3687
3690
3691
3694
3695
3697
3698
3699
3700
3702
3704
3706
3709
3710
3712
3713
3714
3715
3716
3719
3720
3721
3723
3724
3725
3726
3727
3730
3734
3740
3741
3742
3743
3747
3749
3751
3753
3755
3757
3758
3762
3765
3766
3767
3768
3769
3772
3773
3775
3776
3778
3779
3781
3782
3783
3786
3791
3792
3794
3795
3796
3798
3802
3804
3808
3810
3811
3815
3819
3822
3824
3825
3827
3828
3829
3830
3831
3832
3833
3836
3838
3839
3840
3842
3846
3847
3848
3849
3851
3852
3853
3854
3855
3857
3858
3859
3860
3861
3863
3865
3866
3871
3872
3874
3875
3876
3877
3884
3887
3888
3891
3895
3896
3897
3898
3899
3900
3903
3905
3906
3910
3912
3913
3914
3915
3917
3919
3923
3925
3927
3928
3929
3930
3931
3932
3935
3936
3937
3940
3945
3947
3948
3952
3958
3960
3963
3964
3970
3971
3972
3978
3982
3983
3984
3986
3987
3990
3996
3997
3999
4002
4004
4005
4008
4012
4015
4021
4022
4026
4027
4028
4033
4034
4036
4037
4039
4040
4042
4043
4044
4047
4048
4049
4050
4052
4053
4054
4056
4057
4060
4062
4065
4066
4068
4072
4073
4075
4080
4081
4082
4083
4085
4091
4092
4094
4095
4097
4102
4106
4107
4109
4110
4118
4125
4127
4130
4132
4133
4134
4136
4138
4139
4141
4142
4143
4144
4146
4147
4149
4151
4154
4155
4156
4157
4160
4164
4165
4167
4169
4173
4174
4179
4180
4181
4183
4184
4185
4186
4188
4190
4191
4193
4203
4205
4206
4207
4208
4211
4212
4214
4215
4216
4218
4219
4220
4223
4231
4234
4236
4239
4241
4246
4248
4252
4258
4259
4262
4264
4265
4266
4267
4269
4273
4274
4279
4281
4283
4285
4289
4292
4293
4294
4297
4298
4301
4302
4305
4308
4309
4310
4311
4318
4319
4324
4325
4326
4330
4332
4333
4339
4344
4345
4349
4351
4354
4355
4357
4358
4360
4362
4363
4364
4365
4368
4369
4371
4374
4376
4377
4381
4383
4385
4389
4391
4397
4398
4399
4401
4404
4411
4415
4421
4422
4425
4435
4436
4440
4443
4444
4447
4448
4449
4453
4454
4459
4460
4462
4464
4465
4469
4470
4471
4472
4473
4474
4477
4478
4479
4481
4482
4483
4484
4489
4491
4494
4495
4497
4499
4502
4503
4504
4505
4506
4516
4517
4518
4520
4523
4525
4526
4527
4528
4530
4532
4533
4534
4537
4542
4543
4545
4548
4551
4553
4554
4561
4565
4568
4573
4574
4576
4577
4578
4579
4581
4583
4584
4586
4588
4589
4590
4594
4596
4599
4600
4602
4603
4604
4606
4608
4610
4617
4618
4620
4621
4626
4627
4629
4633
4634
4636
4637
4640
4641
4643
4646
4647
4648
4649
4650
4653
4656
4661
4662
4664
4665
4667
4670
4674
4679
4682
4684
4685
4688
4689
4690
4693
4694
4695
4697
4706
4707
4708
4713
4715
4717
4718
4720
4724
4730
4731
4733
4736
4737
4738
4740
4743
4746
4747
4748
4749
4752
4753
4754
4755
4756
4759
4762
4763
4766
4767
4769
4771
4772
4774
4777
4779
4780
4781
4782
4783
4784
4785
4786
4788
4789
4791
4792
4794
4795
4796
4797
4798
4801
4803
4805
4809
4810
4811
4813
4815
4818
4819
4822
4823
4825
4826
4828
4829
4830
4832
4834
4835
4837
4839
4845
4846
4848
4849
4850
4852
4854
4859
4862
4864
4866
4871
4872
4873
4875
4876
4878
4882
4886
4887
4890
4893
4897
4906
4907
4908
4909
4910
4912
4915
4916
4917
4918
4919
4920
4922
4923
4926
4930
4934
4935
4937
4940
4943
4945
4948
4949
4951
4952
4953
4954
4955
4957
4958
4959
4960
4961
4963
4968
4969
4971
4973
4975
4976
4982
4985
4987
4988
4999
5001
5005
5008
5009
5010
5011
5013
5014
5019
5020
5021
5024
5025
5026
5027
5028
5032
5033
5034
5040
5042
5044
5045
5046
5047
5050
5051
5052
5053
5054
5055
5056
5058
5059
5062
5064
5065
5066
5067
5068
5069
5070
5071
5073
5076
5078
5081
5082
5085
5086
5088
5090
5092
5095
5097
5099
5100
5102
5104
5108
5110
5111
5112
5114
5115
5117
5119
5120
5121
5122
5125
5127
5128
5129
5130
5132
5135
5137
5140
5141
5143
5146
5147
5150
5151
5152
5154
5155
5156
5157
5160
5164
5166
5167
5168
5169
5170
5171
5172
5173
5175
5179
5180
5186
5191
5194
5196
5198
5199
5200
