0
2
4
5
7
8
10
11
13
15
16
17
20
21
24
25
26
27
29
30
35
36
38
39
42
43
44
45
49
51
52
53
55
56
57
59
60
63
67
76
78
79
87
88
90
91
94
96
97
99
101
107
108
113
115
116
117
119
121
124
127
130
134
136
141
142
144
145
147
148
149
150
151
153
154
155
156
158
160
162
163
164
165
170
172
173
174
181
184
185
189
190
194
195
197
198
201
202
203
205
206
207
208
210
211
215
216
217
220
223
225
229
231
237
239
240
241
242
243
247
248
250
253
254
255
256
257
259
264
266
270
271
272
273
276
277
278
281
282
284
286
287
289
290
291
294
297
298
300
301
302
303
304
305
307
308
312
314
315
316
317
321
322
323
324
327
330
332
333
334
335
336
338
342
343
348
349
350
352
353
354
358
359
360
361
363
366
367
368
370
372
373
375
376
377
380
382
386
387
393
394
395
396
397
398
402
408
409
410
411
412
413
415
419
421
422
424
428
429
432
433
434
436
437
439
444
445
448
449
452
453
456
464
467
468
469
473
475
476
478
480
481
482
483
485
494
495
498
499
500
501
504
505
506
513
514
515
519
520
521
522
523
526
528
529
530
531
532
534
535
536
537
538
541
544
547
551
553
557
559
560
567
568
569
572
573
574
575
577
578
580
581
583
585
589
591
593
595
597
598
599
600
601
603
606
608
609
611
618
621
624
625
626
628
629
633
636
637
639
640
645
647
649
650
651
653
654
656
660
661
663
664
665
667
668
669
673
674
678
680
682
684
685
686
687
688
692
693
695
696
699
701
702
707
708
709
711
712
716
717
728
729
730
731
732
734
736
737
738
739
740
742
743
744
751
752
753
754
755
756
757
759
762
763
764
765
766
767
770
773
775
776
777
780
781
783
784
785
786
788
791
797
799
801
802
803
806
808
813
822
825
826
827
829
834
840
845
846
848
853
855
858
860
862
863
870
871
872
874
875
876
880
881
882
883
885
887
888
889
895
896
897
898
899
900
901
902
904
905
915
916
918
920
922
924
925
927
930
932
935
936
939
940
942
943
944
945
946
952
954
958
959
961
962
969
970
972
974
976
981
982
983
984
986
988
989
992
998
1001
1002
1008
1013
1015
1017
1021
1025
1028
1032
1034
1039
1042
1043
1046
1047
1048
1051
1052
1054
1056
1057
1058
1059
1060
1061
1062
1063
1065
1072
1073
1074
1078
1080
1081
1083
1085
1087
1088
1091
1092
1094
1095
1097
1098
1100
1101
1102
1103
1104
1105
1107
1113
1114
1117
1119
1123
1125
1126
1127
1131
1133
1134
1136
1137
1139
1141
1143
1145
1146
1147
1148
1149
1150
1151
1152
1154
1156
1157
1159
1160
1161
1162
1166
1168
1170
1171
1172
1173
1176
1182
1185
1186
1189
1190
1191
1192
1193
1199
1201
1202
1203
1204
1205
1206
1208
1211
1214
1215
1217
1219
1221
1222
1223
1225
1226
1227
1229
1232
1233
1234
1235
1236
1237
1239
1242
1243
1246
1247
1253
1256
1259
1260
1265
1266
1267
1271
1272
1278
1281
1282
1283
1285
1290
1292
1294
1295
1296
1297
1299
1300
1302
1304
1305
1307
1308
1309
1312
1315
1316
1321
1322
1323
1325
1326
1329
1330
1332
1335
1336
1337
1340
1342
1345
1346
1347
1349
1354
1360
1361
1365
1367
1368
1371
1372
1374
1376
1377
1379
1382
1383
1385
1387
1391
1392
1395
1396
1399
1402
1406
1408
1410
1412
1413
1416
1418
1419
1424
1427
1430
1431
1432
1438
1440
1442
1443
1444
1447
1449
1451
1453
1454
1464
1465
1466
1467
1469
1470
1471
1474
1476
1477
1481
1483
1484
1486
1488
1491
1492
1493
1494
1497
1498
1503
1505
1509
1512
1513
1514
1516
1517
1521
1523
1526
1527
1528
1536
1537
1541
1542
1543
1545
1548
1549
1551
1553
1554
1555
1556
1558
1560
1565
1566
1572
1574
1576
1579
1580
1583
1585
1586
1588
1591
1592
1593
1595
1597
1598
1600
1601
1604
1605
1606
1607
1608
1609
1611
1612
1613
1615
1617
1618
1622
1625
1627
1629
1631
1635
1640
1642
1644
1648
1649
1654
1655
1657
1659
1660
1661
1663
1665
1668
1672
1676
1677
1678
1679
1681
1682
1685
1686
1687
1690
1692
1693
1694
1697
1698
1699
1701
1705
1708
1710
1712
1713
1715
1716
1720
1721
1723
1726
1727
1728
1730
1731
1732
1733
1734
1737
1738
1740
1742
1745
1748
1749
1750
1751
1752
1754
1757
1758
1760
1761
1762
1763
1766
1767
1768
1770
1772
1773
1774
1776
1777
1779
1782
1787
1788
1789
1792
1793
1798
1803
1804
1808
1810
1812
1813
1815
1819
1821
1822
1823
1825
1826
1827
1828
1829
1830
1834
1835
1836
1837
1838
1841
1842
1844
1848
1850
1851
1852
1856
1861
1862
1863
1864
1865
1869
1870
1871
1872
1876
1878
1879
1882
1883
1884
1885
1887
1888
1889
1890
1892
1899
1900
1901
1902
1907
1909
1911
1912
1914
1915
1916
1918
1924
1926
1928
1929
1938
1939
1940
1943
1946
1947
1948
1949
1951
1956
1957
1959
1962
1964
1965
1966
1973
1975
1979
1981
1982
1983
1986
1988
1991
1993
1995
1996
1999
2000
2003
2004
2007
2008
2009
2010
2011
2013
2019
2023
2024
2025
2027
2028
2030
2032
2033
2034
2035
2038
2039
2046
2048
2051
2052
2054
2055
2056
2057
2058
2059
2061
2062
2063
2064
2066
2067
2068
2070
2073
2077
2079
2080
2082
2083
2087
2089
2092
2093
2095
2096
2097
2101
2102
2103
2109
2110
2111
2115
2116
2121
2124
2126
2127
2128
2129
2130
2131
2132
2136
2138
2142
2143
2147
2149
2150
2151
2152
2153
2154
2159
2162
2163
2164
2165
2174
2176
2178
2180
2183
2184
2188
2190
2191
2192
2194
2196
2197
2198
2199
2204
2211
2212
2214
2216
2217
2218
2219
2220
2221
2225
2227
2228
2229
2230
2231
2232
2233
2234
2240
2244
2245
2246
2247
2248
2249
2252
2254
2255
2257
2259
2262
2264
2265
2267
2269
2271
2276
2278
2281
2283
2284
2288
2289
2292
2295
2298
2299
2301
2302
2303
2306
2307
2308
2309
2310
2312
2313
2316
2317
2320
2325
2326
2327
2328
2329
2331
2332
2334
2335
2336
2338
2339
2341
2342
2343
2345
2349
2351
2358
2360
2361
2366
2370
2371
2375
2379
2380
2381
2383
2388
2390
2391
2392
2398
2399
2400
2401
2404
2406
2407
2408
2410
2416
2417
2422
2424
2427
2431
2435
2441
2442
2443
2446
2447
2448
2449
2450
2451
2452
2453
2455
2456
2457
2459
2460
2461
2465
2466
2467
2468
2470
2475
2476
2478
2479
2480
2484
2485
2486
2489
2491
2493
2495
2496
2500
2501
2503
2507
2508
2510
2514
2517
2519
2521
2523
2525
2527
2530
2537
2546
2549
2550
2552
2553
2556
2557
2558
2559
2561
2568
2569
2573
2574
2578
2579
2580
2582
2584
2585
2586
2589
2590
2591
2593
2594
2596
2598
2600
2601
2603
2604
2606
2609
2610
2614
2615
2618
2620
2623
2625
2626
2628
2632
2633
2639
2640
2642
2644
2645
2646
2647
2648
2650
2652
2657
2658
2660
2661
2662
2668
2669
2670
2671
2676
2677
2679
2683
2685
2686
2690
2692
2693
2697
2698
2699
2701
2702
2711
2713
2714
2716
2717
2719
2723
2726
2731
2732
2733
2737
2739
2742
2743
2745
2747
2748
2749
2751
2752
2753
2754
2755
2756
2757
2758
2760
2765
2767
2770
2771
2773
2774
2777
2778
2779
2780
2782
2783
2786
2799
2803
2804
2805
2806
2809
2810
2813
2816
2817
2818
2820
2821
2822
2826
2830
2831
2832
2833
2835
2838
2839
2840
2842
2845
2846
2847
2848
2852
2853
2855
2858
2862
2864
2867
2869
2872
2874
2877
2880
2881
2882
2883
2891
2895
2896
2897
2899
2906
2907
2908
2915
2916
2918
2920
2923
2924
2930
2934
2937
2940
2941
2942
2943
2944
2945
2947
2953
2955
2956
2957
2958
2960
2966
2967
2969
2971
2976
2978
2979
2981
2982
2983
2984
2987
2988
2989
2995
2997
2998
3001
3002
3004
3005
3009
3010
3012
3015
3019
3020
3022
3024
3025
3026
3028
3030
3032
3036
3037
3038
3039
3040
3041
3044
3045
3046
3049
3050
3054
3055
3056
3058
3060
3062
3063
3064
3065
3067
3068
3074
3077
3081
3082
3084
3085
3087
3088
3092
3093
3095
3099
3102
3103
3104
3114
3117
3119
3122
3123
3124
3125
3127
3128
3129
3130
3134
3135
3136
3137
3138
3141
3146
3148
3149
3151
3152
3153
3155
3156
3161
3162
3166
3167
3168
3171
3172
3175
3176
3178
3186
3187
3188
3193
3195
3198
3199
3206
3209
3210
3212
3213
3214
3215
3217
3220
3221
3224
3226
3227
3228
3232
3233
3236
3237
3239
3241
3244
3250
3252
3253
3255
3258
3260
3261
3263
3266
3267
3268
3269
3271
3274
3279
3281
3282
3283
3288
3289
3291
3292
3297
3298
3300
3302
3303
3304
3309
3310
3313
3319
3326
