0
2
5
8
9
10
11
14
15
16
20
22
23
24
25
26
28
32
33
35
36
41
44
49
51
52
54
55
58
59
60
61
63
70
71
74
79
80
86
88
94
96
100
101
102
103
104
113
114
117
120
121
122
123
125
126
127
134
137
138
139
144
145
146
153
154
162
166
169
170
171
174
176
177
178
181
187
188
191
192
196
199
202
205
207
216
219
221
225
226
227
228
230
233
235
238
239
240
241
244
247
249
251
252
253
258
259
260
261
262
263
265
266
268
271
273
276
278
279
280
284
293
295
296
297
299
302
303
304
305
307
310
311
312
316
317
319
320
324
327
330
332
334
336
337
339
341
343
347
350
351
352
353
354
355
361
362
363
367
368
369
374
378
380
384
386
387
389
390
391
394
396
398
399
400
401
404
406
408
409
410
411
412
415
416
418
422
430
432
434
436
437
439
442
444
446
448
450
451
453
455
456
458
461
462
463
467
468
469
471
473
477
478
479
481
483
485
486
488
490
491
493
495
497
498
500
501
502
504
505
507
508
510
512
513
514
517
518
519
521
522
523
524
525
527
528
530
531
532
534
536
538
539
544
545
550
551
553
557
560
564
565
567
568
570
577
578
579
582
586
588
589
590
592
594
595
598
603
605
609
610
612
613
615
616
617
618
620
622
623
628
636
637
640
641
642
643
645
648
650
653
654
658
659
661
666
673
674
679
681
682
685
687
690
693
695
696
698
699
700
704
708
710
711
712
713
714
717
721
722
727
728
730
732
733
734
735
740
741
745
746
747
748
749
750
753
755
756
761
764
765
767
768
769
770
771
772
776
777
779
782
783
785
788
790
791
792
793
795
796
797
803
804
805
809
810
811
814
816
817
818
821
825
827
829
830
832
833
840
845
846
849
850
852
853
855
856
857
858
859
861
863
866
872
876
877
878
879
884
885
891
892
897
898
900
903
905
906
907
908
909
910
911
912
914
915
916
918
919
924
927
929
931
932
933
934
937
938
951
952
953
955
956
957
960
962
963
967
969
970
972
973
979
981
982
986
987
988
991
992
993
995
997
998
1000
1001
1004
1007
1008
1011
1012
1015
1017
1018
1019
1020
1022
1023
1024
1026
1029
1031
1032
1034
1035
1039
1041
1042
1044
1048
1050
1051
1052
1053
1054
1055
1059
1062
1063
1065
1067
1072
1073
1074
1076
1077
1078
1081
1082
1084
1086
1090
1091
1092
1095
1096
1099
1101
1102
1104
1105
1107
1117
1118
1119
1120
1121
1122
1126
1128
1130
1131
1132
1135
1136
1141
1142
1143
1144
1151
1152
1155
1157
1158
1159
1160
1161
1162
1164
1165
1166
1167
1169
1170
1173
1175
1177
1178
1179
1180
1190
1191
1192
1194
1195
1206
1212
1216
1218
1219
1220
1222
1228
1229
1230
1232
1234
1239
1241
1242
1243
1247
1251
1257
1259
1260
1261
1262
1263
1264
1267
1268
1273
1278
1279
1281
1286
1287
1288
1291
1293
1296
1297
1298
1299
1300
1302
1304
1307
1311
1312
1313
1314
1324
1328
1335
1338
1339
1343
1344
1348
1349
1354
1355
1357
1358
1361
1363
1367
1371
1372
1377
1379
1380
1382
1383
1388
1389
1393
1394
1397
1400
1401
1402
1405
1407
1409
1410
1412
1414
1415
1419
1420
1423
1424
1425
1429
1430
1432
1433
1434
1437
1440
1442
1443
1448
1450
1451
1454
1456
1458
1462
1463
1465
1466
1467
1469
1470
1474
1476
1481
1485
1489
1490
1491
1493
1494
1496
1500
1501
1502
1505
1507
1508
1512
1515
1517
1518
1520
1522
1526
1527
1529
1530
1531
1532
1533
1534
1535
1536
1538
1540
1541
1542
1543
1544
1545
1547
1556
1560
1561
1562
1565
1566
1568
1569
1570
1571
1573
1575
1577
1581
1582
1583
1584
1585
1587
1588
1589
1590
1592
1593
1595
1600
1602
1604
1605
1606
1607
1608
1609
1610
1611
1614
1616
1623
1624
1627
1629
1630
1633
1634
1637
1638
1639
1640
1642
1643
1646
1651
1656
1658
1659
1660
1663
1665
1667
1670
1671
1673
1677
1678
1679
1681
1684
1690
1691
1692
1693
1694
1695
1698
1699
1703
1704
1708
1709
1713
1715
1717
1719
1720
1724
1730
1731
1736
1737
1740
1741
1742
1743
1745
1746
1747
1751
1752
1753
1754
1755
1757
1758
1759
1761
1762
1764
1767
1768
1769
1770
1771
1772
1774
1777
1779
1782
1783
1789
1791
1792
1793
1794
1797
1801
1803
1804
1806
1809
1811
1813
1815
1819
1822
1824
1825
1827
1829
1830
1837
1838
1839
1840
1841
1843
1849
1851
1853
1854
1855
1856
1859
1864
1865
1867
1868
1869
1870
1872
1874
1876
1877
1882
1883
1886
1888
1890
1893
1897
1900
1901
1902
1903
1904
1906
1908
1909
1911
1916
1917
1919
1920
1923
1927
1929
1931
1937
1942
1944
1949
1950
1951
1955
1957
1961
1962
1965
1966
1967
1969
1971
1972
1973
1975
1977
1980
1981
1982
1985
1987
1988
1989
1990
1992
1996
1998
2002
2004
2006
2007
2008
2009
2010
2011
2014
2015
2018
2022
2023
2024
2031
2033
2035
2036
2039
2040
2045
2046
2048
2049
2050
2051
2052
2058
2062
2063
2065
2066
2067
2068
2069
2070
2076
2077
2079
2081
2082
2083
2084
2089
2090
2091
2095
2096
2098
2102
2104
2105
2106
2107
2108
2110
2111
2112
2115
2116
2117
2118
2119
2120
2121
2122
2123
2124
2125
2129
2133
2135
2136
2139
2140
2141
2146
2148
2150
2151
2152
2153
2155
2156
2161
2163
2166
2168
2169
2170
2171
2172
2175
2177
2178
2179
2181
2182
2183
2185
2186
2188
2189
2191
2194
2195
2196
2197
2198
2199
2201
2204
2205
2206
2207
2209
2210
2212
2213
2215
2217
2220
2223
2230
2231
2232
2237
2240
2242
2243
2244
2245
2246
2248
2252
2254
2262
2264
2266
2267
2269
2270
2272
2277
2279
2280
2283
2285
2286
2290
2291
2292
2294
2295
2296
2298
2299
2300
2302
2307
2309
2310
2312
2313
2315
2316
2319
2321
2324
2326
2328
2333
2336
2337
2338
2348
2352
2353
2356
2358
2359
2363
2366
2367
2368
2369
2377
2380
2381
2384
2385
2389
2391
2392
2393
2394
2401
2402
2403
2406
2409
2411
2413
2414
2415
2416
2419
2420
2424
2425
2433
2434
2435
2440
2441
2442
2444
2446
2447
2449
2450
2451
2452
2454
2455
2456
2458
2462
2464
2465
2467
2468
2471
2477
2484
2487
2492
2493
2496
2500
2501
2502
2505
2509
2510
2513
2518
2519
2520
2521
2529
2530
2532
2535
2543
2547
2550
2553
2554
2555
2558
2559
2561
2562
2563
2567
2570
2571
2572
2574
2577
2578
2579
2581
2582
2586
2588
2590
2592
2594
2596
2597
2604
2608
2609
2610
2612
2614
2615
2616
2617
2618
2619
2622
2623
2624
2625
2626
2627
2631
2634
2640
2642
2645
2646
2647
2650
2651
2652
2653
2654
2655
2656
2657
2662
2667
2669
2671
2674
2675
2677
2679
2680
2681
2683
2684
2686
2687
2688
2689
2691
2693
2694
2697
2699
2700
2703
2705
2706
2708
2709
2710
2712
2716
2717
2718
2720
2721
2722
2723
2725
2728
2729
2732
2734
2738
2740
2742
2744
2745
2748
2749
2752
2753
2754
2755
2756
2757
2759
2761
2763
2764
2766
2768
2772
2773
2776
2781
2783
2784
2785
2788
2792
2793
2798
2799
2800
2801
2803
2805
2806
2807
2808
2810
2811
2814
2816
2817
2819
2821
2823
2824
2826
2827
2828
2829
2830
2831
2836
2838
2841
2843
2844
2845
2846
2848
2849
2852
2856
2857
2859
2860
2861
2864
2865
2866
2870
2876
2877
2880
2882
2883
2887
2889
2891
2893
2895
2896
2897
2900
2903
2907
2908
2911
2912
2914
2915
2916
2917
2920
2922
2924
2925
2930
2931
2939
2943
2944
2945
2947
2950
2951
2953
2955
2958
2959
2960
2963
2964
2966
2968
2969
2972
2980
2981
2982
2983
2984
2986
2991
2992
2993
2994
2995
2998
2999
3001
3003
3004
3006
3007
3009
3012
3013
3015
3016
3017
3018
3019
3022
3023
3024
3025
3027
3029
3031
3033
3034
3035
3036
3037
3038
3039
3040
3041
3044
3047
3049
3051
3053
3058
3059
3061
3066
3068
3069
3071
3072
3074
3075
3081
3082
3084
3087
3088
3089
3090
3091
3092
3094
3095
3097
3102
3106
3107
3110
3111
3116
3119
3120
3122
3124
3126
3130
3131
3132
3133
3139
3140
3141
3144
3146
3148
3150
3152
3154
3155
3156
3157
3158
3159
3161
3162
3163
3164
3165
3166
3167
3171
3172
3173
3175
3177
3179
3181
3183
3187
3188
3189
3190
3194
3195
3196
3200
3201
3204
3205
3206
3207
3209
3210
3211
3212
3213
3215
3217
3219
3220
3224
3225
3226
3228
3232
3234
3236
3239
3240
3241
3242
3243
3244
3245
3246
3247
3250
3252
3254
3255
3263
3268
3269
3272
3273
3274
3275
3276
3278
3279
3281
3282
3283
3285
3286
3289
3290
3291
3294
3297
3298
3300
3301
3303
3306
3307
3308
3309
3312
3317
3318
3320
3322
3326
