2
4
6
7
9
12
15
17
18
21
22
23
25
26
31
32
33
35
37
38
41
43
46
48
49
50
51
52
57
59
66
68
71
72
80
81
82
83
85
86
88
92
94
95
96
97
101
102
103
104
105
106
107
116
117
121
122
124
125
128
130
133
134
138
140
141
144
145
146
147
149
152
155
156
157
159
161
162
163
164
165
170
171
172
183
185
187
190
192
193
194
195
199
206
208
213
216
217
220
222
229
232
234
235
236
238
239
241
247
248
250
251
252
253
254
255
261
263
264
266
271
272
273
274
280
282
283
284
286
287
288
289
291
292
295
297
298
299
303
304
306
307
308
310
311
312
315
318
319
320
322
323
326
327
328
329
330
334
337
338
339
340
341
342
343
344
345
346
348
349
350
353
355
359
360
362
363
366
367
371
373
374
375
376
377
378
381
385
387
390
391
395
396
397
398
399
400
405
406
407
410
412
414
416
417
418
420
422
423
424
425
426
428
429
430
431
433
434
435
437
438
441
443
444
446
447
448
451
454
455
457
459
462
465
472
476
477
478
480
481
483
484
485
487
490
491
497
498
502
504
508
511
514
515
516
517
518
519
520
522
523
528
533
534
535
537
538
539
543
545
546
547
548
551
552
553
555
557
560
561
562
569
570
572
575
577
578
580
581
583
584
585
588
589
594
596
598
599
605
610
611
612
616
618
619
620
621
623
624
625
626
627
628
631
632
633
635
638
639
642
647
648
650
651
654
656
657
658
660
661
662
665
667
683
684
685
686
687
690
691
697
698
701
703
706
707
708
709
713
715
717
719
720
721
722
723
728
729
730
733
736
737
739
740
741
742
743
751
753
755
761
767
768
769
770
771
772
776
777
779
780
781
782
783
785
786
789
791
792
794
795
796
797
798
799
802
805
806
810
813
814
819
820
823
824
826
827
832
834
836
841
843
846
850
851
852
854
855
856
857
860
861
865
866
872
875
878
881
883
891
892
893
896
897
899
900
902
906
908
909
910
914
916
917
920
928
929
930
933
935
941
942
946
949
953
954
956
958
959
962
963
966
970
971
972
974
975
976
977
978
979
981
983
984
985
986
989
990
994
996
998
1001
1004
1008
1010
1014
1016
1018
1021
1022
1023
1024
1025
1027
1028
1031
1034
1036
1037
1038
1039
1041
1043
1048
1049
1050
1052
1054
1055
1056
1058
1062
1065
1066
1067
1068
1069
1070
1072
1075
1078
1079
1082
1083
1086
1089
1092
1093
1094
1096
1098
1099
1104
1106
1108
1111
1112
1115
1116
1117
1123
1125
1126
1127
1130
1136
1140
1142
1143
1145
1146
1147
1148
1149
1151
1152
1153
1154
1157
1160
1165
1167
1168
1169
1170
1171
1173
1174
1177
1180
1184
1187
1189
1194
1195
1196
1197
1200
1204
1209
1210
1211
1212
1219
1220
1223
1227
1228
1231
1232
1234
1238
1241
1242
1243
1246
1250
1252
1255
1256
1260
1263
1265
1267
1268
1270
1271
1273
1274
1276
1277
1278
1279
1280
1281
1286
1288
1289
1292
1295
1297
1300
1302
1303
1305
1306
1307
1308
1309
1312
1319
1320
1321
1322
1326
1329
1330
1331
1334
1342
1343
1347
1348
1349
1351
1354
1357
1359
1360
1361
1362
1363
1365
1366
1367
1368
1372
1376
1377
1383
1384
1386
1387
1388
1389
1390
1395
1398
1399
1400
1402
1406
1408
1409
1412
1416
1418
1419
1422
1423
1425
1426
1427
1428
1429
1432
1434
1436
1437
1439
1441
1442
1445
1446
1447
1448
1449
1451
1452
1453
1454
1457
1462
1465
1467
1468
1469
1472
1473
1475
1476
1482
1487
1489
1490
1494
1495
1502
1504
1507
1508
1509
1510
1514
1516
1517
1519
1522
1524
1528
1529
1531
1533
1538
1541
1544
1548
1549
1550
1553
1556
1558
1559
1564
1565
1567
1568
1569
1571
1574
1575
1578
1579
1580
1582
1588
1591
1593
1594
1596
1602
1610
1611
1613
1614
1615
1616
1618
1621
1623
1624
1625
1628
1630
1631
1637
1641
1643
1645
1649
1650
1651
1652
1654
1655
1658
1661
1663
1666
1668
1671
1672
1673
1675
1676
1677
1682
1688
1689
1691
1692
1693
1697
1698
1699
1702
1703
1704
1706
1708
1709
1712
1714
1715
1716
1719
1720
1722
1725
1726
1727
1728
1729
1730
1732
1736
1738
1741
1743
1747
1748
1751
1752
1753
1754
1757
1758
1759
1763
1764
1765
1767
1768
1769
1774
1776
1781
1782
1783
1786
1787
1791
1792
1793
1794
1796
1798
1807
1808
1809
1810
1814
1815
1817
1819
1821
1822
1824
1825
1826
1827
1830
1832
1834
1835
1836
1838
1840
1842
1845
1846
1852
1854
1855
1861
1862
1863
1865
1866
1871
1875
1877
1878
1879
1880
1881
1882
1884
1887
1888
1891
1895
1897
1901
1902
1904
1905
1906
1907
1911
1913
1915
1917
1919
1920
1921
1922
1923
1927
1930
1931
1934
1935
1936
1937
1938
1941
1945
1947
1949
1953
1958
1960
1961
1963
1964
1968
1969
1970
1971
1973
1977
1978
1981
1983
1988
1990
1992
1993
1995
1996
1999
2001
2003
2005
2006
2008
2011
2012
2013
2016
2019
2020
2022
2026
2033
2038
2040
2042
2043
2046
2049
2055
2056
2057
2062
2063
2064
2068
2070
2072
2076
2078
2081
2082
2087
2088
2091
2093
2095
2096
2100
2101
2102
2106
2107
2110
2111
2113
2116
2117
2118
2119
2122
2124
2126
2128
2129
2131
2133
2135
2139
2141
2144
2145
2146
2147
2151
2154
2155
2156
2160
2162
2165
2166
2168
2171
2172
2173
2174
2175
2180
2181
2182
2184
2189
2190
2191
2193
2196
2200
2203
2204
2205
2209
2210
2211
2212
2214
2215
2217
2220
2222
2230
2235
2238
2239
2241
2243
2247
2249
2250
2251
2253
2255
2260
2265
2266
2267
2268
2269
2272
2275
2278
2282
2285
2286
2287
2288
2290
2292
2293
2296
2297
2299
2303
2305
2306
2308
2310
2312
2315
2317
2318
2322
2324
2325
2328
2330
2331
2332
2334
2336
2338
2339
2340
2342
2346
2356
2358
2362
2364
2365
2368
2369
2370
2371
2372
2374
2375
2377
2378
2379
2381
2382
2383
2384
2389
2391
2392
2393
2397
2398
2399
2402
2407
2408
2415
2422
2427
2429
2430
2432
2436
2440
2441
2445
2446
2447
2448
2450
2452
2454
2456
2458
2461
2462
2463
2464
2465
2467
2468
2469
2472
2475
2477
2478
2480
2481
2485
2489
2491
2494
2495
2496
2498
2499
2501
2502
2503
2505
2506
2507
2509
2511
2512
2516
2517
2518
2519
2520
2521
2522
2525
2526
2527
2528
2531
2534
2535
2541
2542
2547
2549
2550
2553
2554
2555
2556
2557
2560
2561
2562
2564
2565
2567
2568
2571
2572
2573
2574
2575
2577
2578
2582
2585
2588
2597
2599
2600
2602
2603
2605
2606
2607
2609
2611
2612
2614
2615
2616
2617
2618
2619
2621
2623
2625
2628
2631
2634
2641
2642
2643
2645
2646
2648
2649
2651
2653
2657
2658
2662
2664
2666
2670
2671
2672
2673
2676
2679
2680
2682
2683
2687
2688
2690
2691
2693
2696
2699
2701
2704
2705
2706
2708
2711
2713
2714
2715
2718
2719
2722
2723
2725
2726
2728
2730
2731
2732
2733
2735
2736
2738
2741
2743
2744
2745
2749
2750
2752
2754
2756
2758
2759
2760
2762
2763
2765
2767
2770
2771
2772
2773
2774
2775
2776
2778
2780
2783
2784
2786
2791
2793
2794
2796
2797
2798
2801
2802
2804
2807
2810
2811
2812
2813
2816
2818
2823
2824
2826
2828
2831
2836
2837
2838
2839
2842
2843
2845
2847
2848
2849
2852
2853
2854
2855
2856
2857
2858
2859
2862
2865
2866
2868
2869
2870
2871
2874
2875
2876
2882
2884
2885
2891
2892
2894
2898
2899
2903
2905
2909
2910
2913
2915
2917
2918
2920
2923
2924
2925
2926
2927
2930
2931
2936
2937
2940
2942
2944
2946
2947
2948
2953
2955
2956
2957
2958
2959
2960
2962
2967
2972
2973
2974
2977
2979
2981
2982
2984
2985
2988
2990
2993
2996
2997
2998
2999
3002
3005
3006
3008
3009
3010
3014
3015
3019
3020
3027
3028
3030
3031
3033
3037
3042
3044
3045
3046
3049
3053
3056
3059
3060
3061
3063
3065
3066
3068
3069
3070
3072
3073
3075
3078
3081
3084
3086
3087
3089
3091
3092
3094
3095
3096
3098
3100
3101
3109
3111
3112
3114
3115
3117
3120
3121
3122
3123
3124
3126
3127
3128
3129
3135
3136
3141
3144
3146
3150
3151
3155
3157
3159
3160
3162
3164
3165
3167
3168
3172
3173
3175
3179
3180
3181
3183
3184
3187
3189
3192
3194
3195
3197
3199
3200
3202
3205
3207
3208
3210
3214
3215
3219
3220
3224
3226
3228
3231
3235
3236
3237
3238
3239
3244
3246
3247
3249
3250
3252
3254
3255
3258
3259
3261
3262
3263
3268
3269
3272
3273
3275
3277
3278
3280
3281
3282
3283
3286
3290
3295
3296
3298
3300
3301
3302
3303
3305
3306
3307
3313
3315
3316
3318
3319
3323
3324
3325
3326
