1
7
9
11
13
14
15
16
17
18
19
20
21
23
25
26
28
31
32
33
37
40
42
43
45
47
50
52
54
56
58
61
62
64
67
72
73
76
77
79
80
81
90
91
92
95
96
97
98
100
101
102
103
104
105
106
107
108
111
114
118
121
122
124
126
127
128
131
133
134
136
138
139
140
141
146
149
153
154
155
156
157
158
159
161
163
165
166
168
169
170
173
174
175
177
179
183
186
187
189
190
193
195
196
197
199
200
201
206
208
209
210
211
213
214
216
217
221
223
224
225
227
229
230
231
233
234
235
236
243
248
250
253
254
256
257
259
261
262
263
264
265
266
267
268
270
272
276
280
283
284
286
288
289
290
292
293
294
295
296
299
300
304
308
309
310
311
313
315
316
320
322
326
328
329
333
338
343
344
346
349
350
352
353
358
359
360
364
365
366
367
369
371
374
376
379
381
382
384
385
386
387
388
390
391
392
393
394
396
399
401
402
405
408
410
411
412
414
416
420
422
425
428
430
431
433
434
435
441
443
445
446
448
451
453
458
459
460
461
464
465
472
477
480
481
483
487
489
493
496
500
503
504
505
507
510
511
512
516
517
518
519
520
521
522
523
527
528
532
534
537
539
541
544
548
551
554
556
558
559
563
564
567
568
569
570
572
573
574
575
576
582
589
590
592
593
595
596
597
601
602
608
611
613
616
618
619
621
623
626
628
631
634
636
637
638
641
642
644
646
647
649
651
654
657
660
667
676
677
680
683
687
688
690
692
693
694
697
698
701
702
704
705
706
707
709
711
712
713
716
718
719
721
723
727
732
733
736
738
740
744
747
748
749
752
753
756
758
759
763
765
772
773
774
775
776
777
779
781
783
784
785
787
791
794
800
804
806
811
814
816
817
820
822
824
838
843
845
846
848
849
850
851
852
853
854
858
860
861
863
865
866
868
869
871
872
874
875
876
877
880
882
883
885
886
888
889
890
891
897
898
899
900
901
902
907
909
912
914
915
916
921
922
923
924
925
928
934
935
937
939
941
942
946
950
952
953
959
960
962
967
969
970
972
973
974
977
978
982
983
986
988
990
991
992
993
994
1003
1004
1005
1008
1009
1010
1017
1020
1021
1023
1024
1026
1027
1029
1035
1036
1038
1039
1042
1045
1049
1050
1051
1052
1053
1054
1058
1059
1060
1061
1064
1066
1069
1070
1071
1072
1074
1076
1077
1080
1084
1086
1088
1092
1094
1095
1096
1097
1099
1102
1104
1107
1109
1113
1114
1116
1117
1118
1120
1121
1124
1125
1128
1132
1137
1139
1140
1142
1143
1146
1147
1150
1151
1156
1157
1158
1159
1160
1161
1162
1164
1165
1166
1167
1168
1170
1173
1175
1180
1181
1183
1184
1186
1188
1189
1190
1194
1206
1209
1210
1212
1216
1220
1221
1222
1223
1225
1227
1229
1234
1237
1238
1239
1242
1243
1246
1247
1248
1249
1252
1255
1256
1257
1264
1265
1266
1272
1273
1274
1276
1277
1280
1286
1288
1290
1292
1293
1294
1295
1296
1297
1300
1302
1303
1304
1307
1309
1310
1311
1312
1315
1316
1317
1322
1323
1326
1332
1336
1337
1338
1339
1340
1341
1345
1347
1348
1349
1350
1351
1352
1353
1354
1355
1362
1366
1367
1369
1370
1376
1380
1381
1382
1386
1389
1390
1392
1395
1397
1398
1399
1400
1401
1402
1405
1407
1411
1412
1414
1415
1416
1417
1418
1419
1420
1422
1424
1425
1427
1431
1433
1439
1442
1446
1448
1449
1450
1451
1453
1454
1455
1456
1457
1458
1460
1464
1465
1466
1467
1476
1477
1478
1482
1485
1486
1487
1488
1489
1492
1494
1497
1500
1501
1503
1507
1508
1509
1511
1512
1514
1518
1520
1522
1523
1526
1527
1528
1529
1530
1532
1533
1535
1536
1537
1540
1541
1545
1548
1553
1557
1558
1560
1561
1562
1564
1565
1568
1571
1572
1573
1574
1575
1576
1579
1580
1583
1584
1585
1587
1589
1590
1593
1596
1598
1599
1603
1604
1605
1606
1609
1613
1616
1618
1619
1620
1626
1629
1632
1633
1635
1636
1638
1639
1640
1642
1643
1645
1651
1653
1655
1656
1657
1658
1659
1662
1663
1665
1666
1670
1671
1672
1674
1675
1676
1677
1680
1681
1683
1686
1689
1693
1694
1697
1698
1699
1700
1703
1704
1705
1706
1709
1711
1719
1720
1721
1722
1723
1724
1729
1730
1731
1732
1734
1735
1736
1737
1743
1745
1746
1747
1750
1751
1753
1754
1755
1756
1758
1760
1761
1762
1764
1767
1769
1770
1771
1772
1781
1783
1786
1792
1793
1794
1795
1796
1802
1805
1808
1809
1810
1811
1812
1814
1815
1817
1818
1819
1820
1821
1822
1824
1829
1831
1833
1834
1835
1836
1837
1839
1840
1843
1845
1846
1848
1850
1853
1857
1858
1859
1860
1861
1864
1868
1869
1872
1874
1877
1878
1882
1884
1885
1887
1889
1893
1896
1898
1899
1901
1902
1903
1907
1908
1909
1911
1915
1917
1918
1921
1922
1925
1927
1928
1931
1936
1937
1938
1940
1943
1947
1948
1949
1950
1954
1957
1960
1962
1964
1965
1967
1970
1971
1973
1976
1980
1983
1984
1986
1990
1995
1996
1998
1999
2000
2002
2003
2006
2008
2009
2011
2012
2014
2015
2016
2017
2019
2020
2025
2026
2027
2030
2032
2033
2034
2036
2037
2046
2048
2050
2053
2054
2055
2057
2058
2059
2062
2063
2064
2065
2066
2067
2071
2073
2075
2076
2078
2081
2082
2084
2086
2089
2090
2092
2093
2095
2101
2103
2104
2108
2109
2114
2117
2119
2123
2124
2127
2131
2135
2136
2137
2145
2149
2150
2154
2156
2157
2158
2159
2161
2162
2163
2166
2169
2171
2173
2174
2175
2181
2185
2189
2191
2192
2194
2195
2197
2198
2199
2200
2202
2203
2204
2205
2210
2211
2214
2215
2217
2219
2222
2225
2226
2228
2229
2234
2235
2240
2242
2243
2244
2245
2247
2248
2251
2253
2255
2257
2259
2263
2267
2268
2270
2273
2276
2277
2278
2279
2281
2282
2284
2286
2287
2288
2289
2291
2295
2296
2297
2300
2301
2302
2311
2319
2320
2321
2326
2327
2328
2331
2333
2334
2335
2336
2337
2338
2340
2341
2342
2343
2344
2345
2346
2348
2351
2352
2356
2358
2359
2360
2362
2363
2365
2366
2368
2370
2371
2372
2373
2374
2379
2380
2383
2384
2385
2387
2388
2389
2390
2395
2396
2401
2402
2406
2409
2410
2412
2413
2415
2416
2418
2419
2421
2425
2429
2430
2431
2434
2435
2438
2441
2442
2445
2448
2450
2451
2453
2454
2456
2457
2458
2462
2465
2467
2468
2472
2473
2474
2475
2477
2478
2480
2481
2482
2483
2486
2487
2488
2495
2496
2497
2500
2501
2502
2503
2505
2507
2508
2510
2514
2517
2518
2520
2528
2530
2533
2535
2536
2538
2543
2544
2545
2548
2551
2553
2554
2555
2558
2559
2560
2570
2571
2572
2579
2584
2585
2587
2588
2589
2590
2591
2594
2596
2597
2600
2603
2604
2606
2607
2610
2611
2614
2622
2623
2624
2625
2628
2629
2632
2633
2635
2636
2638
2639
2641
2642
2643
2645
2647
2648
2650
2652
2653
2654
2655
2657
2658
2659
2663
2666
2668
2676
2678
2679
2681
2682
2684
2687
2690
2691
2692
2693
2696
2697
2698
2699
2700
2701
2702
2706
2708
2710
2711
2712
2713
2714
2715
2717
2723
2724
2725
2727
2728
2729
2731
2732
2733
2734
2737
2738
2740
2742
2747
2748
2749
2753
2755
2757
2759
2761
2765
2766
2770
2772
2773
2774
2777
2779
2783
2784
2785
2788
2789
2790
2791
2796
2798
2800
2801
2802
2803
2804
2811
2813
2815
2817
2818
2822
2826
2827
2829
2830
2837
2838
2841
2842
2844
2845
2846
2847
2849
2851
2853
2854
2855
2856
2857
2858
2859
2863
2866
2869
2877
2881
2882
2883
2884
2885
2889
2890
2891
2893
2894
2896
2897
2898
2900
2902
2904
2907
2909
2910
2911
2915
2916
2918
2919
2920
2922
2924
2927
2930
2931
2933
2935
2940
2941
2942
2943
2946
2949
2952
2953
2954
2955
2957
2959
2963
2964
2967
2970
2971
2973
2974
2979
2980
2982
2987
2988
2989
2990
2995
2996
2997
3000
3001
3002
3003
3005
3008
3012
3015
3016
3020
3022
3023
3024
3027
3029
3031
3032
3034
3035
3036
3037
3044
3045
3046
3047
3048
3049
3050
3051
3058
3060
3061
3064
3069
3073
3074
3076
3077
3079
3080
3081
3085
3086
3087
3088
3090
3094
3099
3101
3109
3117
3128
3130
3134
3136
3138
3140
3145
3149
3154
3155
3157
3158
3159
3160
3161
3162
3163
3167
3168
3169
3171
3173
3174
3175
3176
3177
3179
3180
3181
3185
3187
3190
3191
3193
3195
3197
3203
3204
3206
3209
3214
3215
3216
3218
3219
3221
3223
3224
3226
3228
3229
3236
3239
3241
3243
3244
3245
3253
3254
3255
3256
3257
3258
3259
3261
3263
3264
3265
3268
3270
3273
3276
3277
3279
3282
3285
3289
3297
3298
3300
3306
3310
3312
3315
3317
3319
3322
3324
3326
