5
10
19
22
23
26
29
30
33
40
43
44
48
52
54
55
56
59
61
69
75
76
78
79
80
92
95
98
99
101
105
110
113
119
122
126
130
131
132
135
136
137
144
148
151
154
155
157
158
169
170
172
177
178
181
184
186
190
191
194
200
203
214
216
217
219
227
231
237
242
244
247
249
252
254
258
268
269
273
280
285
287
300
307
308
316
318
322
330
332
336
338
339
340
346
347
350
353
356
357
359
361
365
371
372
373
377
379
381
386
388
390
395
397
398
401
402
405
406
407
410
414
416
418
421
422
428
429
433
435
438
439
442
444
445
446
447
449
454
455
458
460
462
464
465
468
476
483
484
485
491
494
498
499
500
502
504
505
508
509
510
512
520
526
527
528
530
532
537
540
541
542
543
544
547
549
551
553
561
563
566
567
578
579
590
595
598
599
604
609
610
620
622
630
633
638
647
651
668
669
670
672
675
676
677
678
682
686
689
690
692
700
705
707
708
713
716
717
719
722
726
745
746
747
748
751
761
765
770
771
772
775
777
778
779
780
783
790
791
797
800
802
805
808
809
813
814
815
819
824
825
826
827
828
835
836
847
850
853
854
859
863
872
875
876
878
879
880
882
885
886
887
894
900
906
908
911
914
918
920
921
931
932
935
936
938
940
941
949
954
955
960
965
972
975
982
988
990
992
994
998
1001
1004
1009
1011
1012
1013
1017
1020
1021
1028
1030
1033
1034
1035
1041
1043
1046
1048
1049
1058
1062
1064
1070
1075
1077
1080
1083
1084
1088
1089
1093
1096
1103
1105
1107
1112
1115
1116
1119
1122
1123
1130
1132
1135
1136
1140
1142
1143
1147
1150
1151
1152
1153
1155
1157
1167
1172
1176
1178
1183
1185
1193
1198
1203
1207
1211
1212
1214
1218
1222
1223
1227
1233
1234
1239
1241
1244
1247
1251
1256
1260
1263
1265
1275
1278
1281
1286
1288
1290
1292
1295
1301
1313
1315
1318
1319
1322
1324
1325
1328
1329
1333
1334
1338
1340
1343
1349
1351
1355
1356
1357
1362
1363
1366
1369
1372
1376
1379
1383
1384
1385
1386
1395
1399
1401
1407
1408
1411
1412
1414
1415
1427
1434
1437
1440
1443
1444
1445
1446
1447
1448
1451
1455
1457
1468
1472
1473
1476
1477
1484
1485
1492
1510
1514
1516
1521
1525
1529
1533
1534
1536
1538
1540
1542
1543
1544
1562
1565
1567
1568
1575
1576
1577
1580
1581
1582
1583
1585
1587
1589
1591
1599
1600
1603
1605
1607
1609
1610
1613
1618
1619
1620
1622
1625
1629
1634
1647
1648
1657
1663
1665
1667
1668
1670
1672
1676
1686
1691
1696
1697
1699
1704
1710
1715
1718
1723
1724
1725
1726
1727
1731
1733
1734
1737
1738
1744
1746
1747
1764
1768
1771
1772
1774
1777
1780
1787
1794
1799
1802
1804
1808
1812
1813
1817
1825
1832
1836
1838
1843
1845
1846
1847
1848
1853
1864
1865
1867
1868
1872
1875
1879
1880
1885
1887
1894
1895
1907
1912
1916
1917
1918
1921
1922
1924
1927
1939
1940
1942
1944
1945
1948
1953
1959
1961
1966
1973
1976
1980
1981
1985
1986
1990
1995
1997
1999
2002
2007
2012
2017
2020
2021
2022
2023
2025
2030
2035
2039
2041
2045
2047
2050
2052
2058
2063
2072
2080
2082
2085
2088
2090
2100
2102
2104
2106
2110
2114
2119
2121
2128
2150
2152
2153
2154
2158
2159
2161
2162
2165
2169
2174
2177
2180
2182
2185
2187
2205
2211
2212
2218
2219
2220
2222
2226
2232
2235
2237
2239
2240
2245
2250
2252
2257
2258
2259
2264
2269
2273
2274
2278
2281
2283
2293
2295
2297
2304
2305
2306
2309
2313
2315
2316
2322
2324
2328
2330
2332
2333
2338
2340
2342
2343
2347
2350
2355
2356
2360
2361
2362
2363
2364
2368
2371
2373
2378
2379
2387
2388
2394
2395
2397
2398
2404
2413
2414
2418
2419
2421
2424
2425
2427
2429
2433
2434
2439
2440
2445
2447
2449
2452
2453
2459
2462
2472
2473
2475
2477
2478
2480
2481
2483
2484
2485
2486
2487
2488
2489
2490
2491
2492
2494
2495
2496
2505
2507
2509
2511
2512
2515
2520
2522
2528
2529
2535
2537
2545
2548
2549
2550
2551
2557
2558
2560
2561
2565
2567
2568
2570
2571
2573
2574
2575
2577
2579
2581
2583
2584
2588
2594
2596
2597
2602
2605
2614
2615
2620
2622
2624
2626
2628
2631
2632
2633
2640
2641
2643
2648
2649
2650
2652
2657
2661
2662
2665
2666
2668
2671
2673
2674
2675
2678
2680
2682
2684
2685
2702
2703
2704
2707
2709
2710
2718
2719
2720
2721
2729
2730
2733
2736
2737
2738
2739
2740
2741
2745
2746
2749
2752
2759
2764
2765
2768
2771
2772
2774
2775
2779
2781
2782
2783
2784
2786
2790
2792
2797
2811
2816
2817
2821
2822
2823
2824
2825
2827
2828
2829
2831
2835
2837
2838
2843
2844
2846
2854
2861
2862
2863
2864
2867
2869
2878
2880
2884
2894
2898
2900
2902
2903
2906
2910
2918
2919
2920
2921
2923
2924
2925
2926
2927
2931
2933
2939
2940
2942
2944
2949
2950
2951
2953
2954
2957
2963
2964
2966
2967
2968
2971
2977
2984
2993
2999
3000
3002
3006
3009
3010
3013
3018
3019
3020
3030
3034
3039
3045
3046
3048
3049
3050
3051
3053
3054
3067
3072
3074
3078
3079
3080
3102
3106
3108
3110
3114
3117
3125
3129
3138
3139
3142
3146
3150
3151
3152
3153
3156
3157
3159
3162
3167
3184
3186
3195
3197
3199
3202
3206
3210
3212
3218
3220
3231
3232
3235
3236
3242
3246
3248
3256
3261
3263
3265
3267
3269
3271
3272
3277
3281
3283
3287
3288
3292
3296
3305
3306
3308
3318
3324
3326
