5
10
16
18
19
20
22
23
24
27
28
30
32
38
39
43
44
48
49
50
53
57
61
62
65
66
70
75
77
78
79
83
87
88
90
92
93
98
99
100
101
103
104
107
110
113
115
122
124
130
131
138
142
144
157
162
167
168
172
173
177
180
181
195
197
203
204
205
206
211
212
213
215
216
217
219
220
221
222
224
227
231
237
240
246
249
252
253
255
258
259
260
263
265
267
269
272
273
274
287
298
300
307
308
311
316
317
318
319
321
325
331
333
335
336
338
339
340
346
347
350
351
354
356
357
359
362
371
374
378
379
383
386
390
392
395
396
397
398
401
404
406
407
411
412
416
417
422
427
428
430
433
434
438
440
441
442
449
451
453
454
455
458
460
464
465
472
473
476
483
485
489
491
492
493
494
495
498
502
503
505
508
516
517
519
525
527
528
529
535
543
544
548
550
554
555
557
558
566
567
569
575
577
579
582
584
585
588
590
598
599
600
604
607
609
613
616
618
620
624
627
629
633
634
637
644
647
648
654
661
670
675
676
677
678
680
681
683
684
686
689
690
693
695
702
707
709
714
715
717
721
723
725
726
727
729
733
736
737
745
746
755
765
768
774
776
779
781
784
790
792
794
798
807
814
816
819
825
827
833
839
840
846
847
851
853
856
859
860
863
864
874
875
879
880
881
882
885
889
894
918
928
929
930
931
932
937
940
942
953
955
962
964
966
968
971
972
974
975
978
985
988
989
990
993
998
1000
1002
1004
1008
1009
1010
1011
1013
1015
1017
1019
1025
1026
1027
1030
1033
1039
1046
1048
1051
1052
1058
1062
1064
1070
1071
1075
1076
1084
1091
1094
1096
1107
1111
1117
1119
1122
1123
1128
1132
1135
1136
1138
1141
1143
1145
1147
1150
1151
1152
1155
1165
1167
1170
1176
1190
1191
1193
1196
1197
1198
1200
1202
1205
1206
1217
1222
1225
1230
1232
1241
1244
1253
1257
1259
1260
1262
1263
1272
1273
1275
1279
1281
1287
1290
1293
1294
1295
1296
1301
1302
1309
1310
1311
1313
1318
1319
1320
1322
1324
1325
1326
1330
1334
1335
1338
1340
1343
1348
1349
1350
1366
1369
1379
1383
1384
1386
1392
1399
1400
1402
1406
1407
1409
1412
1415
1417
1418
1421
1422
1423
1426
1440
1445
1446
1449
1451
1460
1461
1463
1464
1466
1469
1473
1478
1480
1484
1490
1492
1510
1514
1516
1517
1521
1522
1534
1536
1538
1544
1545
1557
1562
1563
1567
1568
1569
1571
1572
1573
1574
1575
1576
1577
1581
1587
1591
1609
1610
1613
1615
1617
1620
1625
1630
1635
1637
1640
1641
1644
1647
1651
1654
1655
1656
1658
1660
1663
1666
1668
1670
1671
1672
1676
1682
1684
1685
1686
1687
1691
1693
1698
1703
1704
1705
1708
1725
1726
1729
1732
1737
1740
1746
1747
1749
1751
1757
1758
1759
1762
1764
1770
1771
1777
1782
1785
1787
1789
1797
1802
1804
1809
1812
1813
1817
1818
1821
1824
1825
1826
1834
1835
1844
1848
1854
1855
1856
1861
1863
1864
1868
1874
1879
1880
1882
1883
1890
1896
1910
1915
1918
1922
1923
1925
1927
1942
1943
1948
1956
1958
1959
1965
1967
1971
1973
1980
1985
1986
1992
1996
1999
2000
2001
2005
2020
2024
2025
2027
2028
2030
2032
2033
2043
2047
2048
2052
2054
2057
2058
2062
2063
2067
2068
2072
2074
2076
2080
2082
2091
2102
2104
2107
2109
2110
2113
2115
2120
2128
2132
2139
2140
2147
2148
2150
2151
2153
2154
2158
2160
2163
2165
2169
2170
2174
2177
2180
2181
2182
2183
2184
2187
2189
2200
2203
2204
2205
2206
2212
2215
2217
2218
2220
2227
2232
2234
2235
2237
2244
2245
2247
2253
2254
2258
2264
2266
2274
2275
2277
2281
2283
2293
2297
2304
2305
2309
2314
2316
2329
2330
2331
2332
2334
2335
2338
2339
2341
2343
2351
2355
2360
2362
2366
2367
2368
2370
2374
2379
2389
2396
2401
2402
2404
2412
2413
2414
2415
2418
2419
2420
2425
2426
2427
2429
2431
2435
2438
2440
2442
2443
2445
2451
2452
2453
2455
2463
2467
2473
2476
2477
2478
2481
2485
2488
2489
2491
2492
2493
2495
2499
2505
2507
2510
2511
2512
2519
2522
2524
2529
2531
2535
2536
2546
2547
2551
2553
2555
2558
2559
2561
2562
2568
2574
2577
2578
2579
2580
2581
2583
2586
2588
2589
2595
2596
2597
2598
2601
2602
2604
2606
2609
2610
2613
2614
2619
2621
2626
2627
2629
2630
2632
2637
2639
2640
2645
2647
2649
2651
2652
2655
2657
2661
2667
2668
2670
2673
2676
2680
2682
2683
2685
2687
2703
2704
2705
2706
2708
2710
2711
2713
2721
2726
2729
2730
2731
2734
2736
2737
2739
2746
2747
2749
2752
2759
2761
2763
2766
2767
2768
2769
2775
2776
2780
2782
2783
2786
2791
2797
2799
2812
2815
2821
2823
2824
2825
2830
2835
2836
2837
2842
2844
2846
2860
2861
2863
2867
2868
2869
2870
2875
2882
2883
2886
2887
2894
2896
2898
2899
2902
2912
2913
2920
2921
2925
2926
2928
2930
2933
2940
2942
2944
2950
2955
2959
2964
2966
2968
2976
2980
2984
2999
3000
3002
3007
3011
3018
3022
3025
3027
3028
3039
3047
3050
3054
3067
3071
3072
3074
3076
3079
3084
3086
3093
3099
3106
3109
3110
3114
3118
3119
3125
3128
3129
3145
3147
3148
3149
3156
3160
3161
3167
3174
3193
3195
3196
3197
3198
3199
3202
3207
3209
3210
3216
3221
3227
3231
3234
3242
3244
3249
3251
3256
3261
3265
3266
3275
3276
3277
3281
3282
3283
3284
3294
3296
3298
3304
3305
3308
3311
3312
3317
3318
3324
