1
5
6
7
9
10
11
14
15
17
18
19
22
23
25
28
29
31
33
37
38
39
42
43
44
46
48
49
50
53
57
59
61
64
66
67
69
71
72
73
77
79
80
86
87
88
91
93
94
96
99
100
102
103
105
107
110
112
114
119
120
121
123
126
127
128
129
131
134
135
138
142
145
146
147
148
149
150
152
155
161
163
164
165
166
167
169
170
174
175
176
177
180
183
184
185
186
187
188
189
191
192
193
194
197
205
210
217
220
221
222
226
228
231
234
235
237
238
241
243
244
245
249
252
253
255
258
260
261
262
263
264
265
267
268
270
273
274
275
276
280
281
285
286
287
292
293
294
295
299
300
303
304
305
307
310
311
315
319
320
321
323
324
327
328
334
335
336
337
340
341
343
344
345
348
350
351
357
359
363
364
367
368
369
375
377
378
381
382
385
387
388
389
395
397
398
402
405
406
410
411
413
414
415
416
417
418
419
420
424
425
428
429
431
433
434
436
439
441
444
445
446
447
448
449
451
452
453
455
460
461
462
463
466
469
470
471
474
475
478
480
481
482
483
484
485
486
487
488
490
491
495
497
498
502
506
508
510
511
516
521
526
527
529
531
534
535
537
540
541
542
543
545
546
549
550
556
558
559
560
563
565
566
567
570
571
572
576
579
580
581
583
584
586
587
588
592
593
596
602
603
608
609
611
612
614
615
616
618
619
622
625
626
629
633
637
640
642
644
646
650
652
653
654
655
658
659
662
666
670
671
672
676
677
678
682
684
686
691
693
699
700
701
705
706
710
711
718
722
723
724
725
727
728
729
731
732
733
735
738
740
743
747
748
750
751
753
755
759
761
762
765
768
769
770
776
778
780
782
784
786
789
790
791
796
799
801
806
808
811
812
813
815
819
820
823
825
826
827
828
831
832
834
835
837
842
844
846
848
850
853
854
856
860
867
868
872
873
874
875
876
878
884
886
887
888
891
894
895
900
901
902
904
905
906
907
912
915
918
920
921
922
923
924
926
931
932
934
938
940
944
945
946
949
951
953
954
955
957
962
967
968
969
970
971
972
973
974
976
978
979
980
982
983
988
990
992
993
994
996
998
999
1004
1005
1007
1008
1010
1011
1013
1015
1016
1019
1020
1022
1023
1024
1026
1027
1028
1031
1033
1036
1037
1038
1040
1042
1047
1048
1052
1053
1055
1057
1058
1061
1062
1066
1067
1069
1070
1072
1073
1078
1080
1082
1083
1084
1085
1088
1091
1093
1096
1099
1103
1104
1105
1108
1111
1112
1114
1116
1117
1118
1119
1120
1121
1122
1127
1128
1129
1132
1133
1136
1140
1141
1142
1145
1146
1149
1150
1151
1154
1155
1156
1157
1158
1160
1162
1163
1164
1165
1173
1175
1176
1177
1178
1179
1180
1183
1185
1186
1192
1197
1198
1199
1204
1205
1206
1211
1212
1213
1214
1216
1218
1220
1222
1225
1226
1229
1230
1232
1233
1235
1236
1240
1242
1244
1250
1253
1255
1256
1261
1263
1271
1272
1273
1274
1275
1276
1277
1278
1279
1284
1286
1287
1290
1291
1295
1300
1302
1303
1304
1305
1306
1307
1309
1311
1313
1314
1318
1319
1321
1322
1323
1324
1325
1326
1327
1329
1330
1331
1332
1333
1337
1340
1341
1346
1347
1350
1351
1352
1353
1354
1355
1358
1360
1362
1363
1365
1367
1369
1370
1371
1372
1373
1377
1379
1380
1381
1382
1383
1384
1385
1386
1392
1395
1396
1397
1398
1399
1401
1405
1406
1407
1408
1411
1413
1415
1417
1418
1423
1426
1427
1428
1429
1430
1433
1435
1438
1440
1443
1444
1448
1449
1450
1452
1455
1456
1457
1463
1464
1465
1466
1468
1469
1470
1474
1475
1476
1479
1480
1481
1482
1483
1484
1487
1496
1498
1499
1500
1505
1509
1510
1516
1518
1522
1525
1527
1529
1531
1532
1535
1536
1541
1542
1543
1547
1548
1549
1553
1557
1558
1562
1563
1564
1565
1566
1568
1569
1572
1574
1575
1578
1579
1580
1581
1582
1585
1586
1587
1588
1589
1591
1592
1596
1597
1600
1601
1602
1603
1604
1605
1606
1607
1608
1609
1610
1613
1614
1615
1618
1620
1621
1622
1623
1631
1632
1633
1636
1637
1639
1640
1643
1645
1649
1651
1652
1653
1654
1657
1658
1665
1667
1668
1673
1674
1676
1677
1678
1679
1681
1684
1689
1692
1694
1695
1697
1698
1700
1701
1703
1706
1709
1710
1711
1714
1715
1716
1717
1720
1721
1723
1727
1728
1730
1731
1732
1739
1741
1742
1745
1747
1752
1754
1761
1762
1763
1764
1765
1766
1771
1772
1773
1774
1775
1776
1779
1780
1782
1784
1789
1790
1791
1792
1799
1800
1801
1808
1810
1812
1813
1814
1816
1817
1819
1822
1823
1824
1825
1826
1827
1831
1832
1833
1837
1840
1842
1843
1844
1847
1849
1850
1852
1853
1855
1858
1859
1860
1861
1863
1864
1868
1869
1870
1872
1873
1874
1876
1877
1881
1886
1888
1889
1890
1891
1892
1895
1897
1899
1900
1902
1903
1904
1906
1907
1909
1913
1916
1918
1921
1922
1923
1926
1928
1929
1930
1933
1935
1938
1947
1957
1958
1959
1961
1962
1963
1964
1965
1968
1969
1976
1977
1978
1979
1980
1981
1982
1983
1985
1992
1993
1994
1995
1997
1999
2000
2001
2002
2003
2004
2007
2008
2010
2016
2020
2023
2025
2026
2027
2028
2029
2030
2031
2032
2034
2035
2038
2039
2042
2044
2047
2050
2051
2052
2053
2055
2056
2057
2058
2059
2060
2063
2064
2066
2070
2071
2073
2074
2078
2079
2082
2083
2085
2088
2090
2091
2092
2093
2097
2100
2101
2103
2105
2106
2107
2110
2114
2115
2118
2122
2123
2124
2126
2127
2128
2131
2132
2133
2137
2140
2142
2143
2148
2149
2152
2154
2155
2158
2159
2160
2162
2164
2166
2167
2168
2169
2171
2172
2173
2177
2180
2183
2185
2189
2191
2193
2194
2197
2199
2200
2202
2204
2207
2208
2212
2215
2216
2217
2219
2220
2223
2224
2225
2233
2234
2242
2244
2246
2247
2250
2251
2252
2253
2254
2259
2260
2263
2266
2267
2268
2269
2272
2277
2278
2281
2283
2284
2285
2286
2287
2288
2289
2292
2294
2295
2300
2304
2305
2306
2309
2310
2311
2312
2314
2315
2316
2317
2319
2321
2323
2324
2325
2333
2335
2336
2339
2342
2343
2353
2357
2358
2360
2361
2363
2364
2366
2367
2372
2378
2379
2382
2383
2384
2386
2388
2390
2392
2398
2400
2404
2408
2412
2421
2423
2424
2426
2427
2429
2430
2440
2445
2447
2448
2450
2451
2452
2453
2455
2457
2458
2459
2461
2463
2469
2471
2473
2476
2479
2481
2483
2484
2489
2492
2495
2496
2498
2499
2501
2505
2507
2513
2515
2518
2519
2520
2521
2524
2530
2531
2533
2534
2536
2538
2539
2541
2543
2544
2546
2548
2550
2551
2553
2554
2555
2556
2557
2560
2564
2565
2567
2568
2569
2573
2574
2576
2578
2580
2584
2585
2586
2588
2593
2594
2595
2597
2600
2601
2602
2604
2608
2609
2610
2611
2612
2615
2622
2623
2625
2627
2632
2633
2634
2644
2645
2646
2647
2648
2653
2656
2657
2658
2659
2660
2662
2663
2664
2673
2675
2681
2683
2687
2690
2693
2694
2695
2696
2700
2701
2704
2705
2707
2708
2709
2710
2711
2719
2720
2721
2722
2724
2731
2733
2736
2737
2739
2741
2742
2747
2750
2753
2754
2756
2760
2768
2769
2771
2774
2776
2778
2780
2781
2782
2783
2785
2790
2793
2794
2795
2797
2798
2799
2801
2802
2804
2807
2808
2811
2812
2813
2814
2815
2817
2818
2819
2820
2821
2824
2825
2828
2833
2838
2839
2840
2841
2842
2844
2845
2846
2847
2849
2850
2855
2858
2861
2862
2865
2866
2870
2873
2874
2878
2879
2880
2883
2888
2889
2890
2891
2893
2895
2896
2902
2903
2907
2908
2911
2913
2917
2918
2922
2923
2924
2926
2927
2928
2929
2932
2933
2934
2937
2942
2943
2945
2946
2947
2949
2954
2957
2959
2961
2964
2965
2967
2968
2969
2970
2971
2974
2977
2978
2980
2983
2987
2988
2990
2992
2993
2994
2999
3002
3004
3006
3008
3010
3011
3018
3019
3021
3023
3024
3025
3026
3028
3031
3032
3033
3034
3036
3039
3040
3043
3044
3045
3046
3047
3048
3050
3053
3056
3060
3061
3062
3064
3065
3067
3069
3071
3073
3074
3075
3079
3082
3083
3087
3088
3089
3092
3096
3101
3104
3108
3111
3113
3115
3118
3119
3120
3123
3124
3129
3132
3133
3134
3135
3136
3141
3142
3146
3147
3148
3151
3155
3157
3161
3163
3165
3166
3167
3170
3174
3175
3180
3181
3182
3190
3192
3195
3198
3199
3201
3202
3203
3204
3207
3211
3213
3215
3216
3218
3221
3222
3223
3224
3226
3227
3232
3234
3239
3243
3244
3245
3247
3253
3254
3259
3262
3266
3267
3269
3270
3274
3277
3278
3281
3282
3283
3284
3288
3291
3292
3296
3297
3299
3301
3302
3303
3306
3307
3308
3311
3312
3313
3314
3315
3316
3319
3320
