1
2
3
5
6
12
14
15
18
19
21
22
23
25
26
27
28
29
37
39
41
44
48
49
52
54
55
56
57
58
61
63
64
65
66
71
73
74
80
81
83
88
89
90
93
95
97
98
100
102
105
109
114
115
117
119
123
130
133
134
135
136
138
139
140
144
145
146
149
151
155
157
158
159
160
161
162
164
170
172
174
175
177
178
179
181
183
185
186
188
190
192
193
196
198
199
201
202
204
207
209
210
214
215
217
219
220
225
226
227
228
229
232
234
235
240
241
243
246
247
248
250
251
252
253
254
255
256
257
258
259
262
263
265
266
270
272
273
279
280
281
282
286
289
291
292
293
296
297
298
308
312
314
315
318
319
320
325
328
330
331
333
334
336
340
341
342
343
344
346
348
349
350
352
353
358
361
363
365
366
368
370
373
374
375
376
378
380
382
385
387
390
393
396
399
401
407
408
414
416
418
421
422
424
425
428
431
432
433
434
435
436
438
441
444
451
453
456
457
458
461
462
463
467
469
471
473
474
482
484
493
495
497
501
502
503
504
505
506
507
508
509
511
516
523
524
525
526
527
528
530
531
535
537
539
542
545
548
549
550
551
552
556
559
560
562
563
565
568
570
572
574
575
576
577
578
580
582
583
589
590
592
593
594
595
596
598
605
606
608
609
610
611
613
614
618
620
625
627
628
629
630
634
636
640
641
644
646
647
650
652
655
657
658
660
661
664
666
670
671
675
679
680
682
683
685
687
691
693
694
695
697
698
700
701
702
708
709
710
713
714
715
718
719
720
721
725
727
728
729
733
735
738
739
740
741
742
746
748
751
752
753
755
758
760
761
763
767
768
769
773
777
778
779
780
789
793
794
797
800
803
804
805
809
813
814
815
817
818
820
821
829
833
834
835
839
841
842
843
844
845
846
847
850
853
856
859
864
866
870
872
873
875
882
884
895
899
901
906
908
909
910
911
915
916
918
919
922
923
926
928
929
930
931
933
938
939
940
945
948
950
955
957
958
959
960
961
962
963
965
966
968
969
970
972
973
975
977
978
979
980
984
985
987
988
991
992
993
994
995
996
997
1000
1001
1003
1007
1013
1015
1016
1017
1018
1020
1021
1023
1024
1026
1031
1032
1033
1034
1036
1041
1042
1043
1046
1047
1050
1051
1052
1055
1056
1057
1062
1064
1066
1067
1068
1070
1071
1072
1073
1079
1081
1092
1093
1097
1098
1100
1101
1102
1103
1104
1106
1109
1111
1112
1118
1119
1127
1130
1131
1132
1135
1136
1137
1138
1139
1141
1143
1144
1145
1148
1151
1156
1157
1160
1164
1165
1167
1173
1174
1177
1181
1185
1192
1193
1194
1195
1200
1201
1202
1204
1205
1207
1209
1211
1213
1214
1215
1216
1218
1219
1221
1222
1224
1226
1227
1229
1230
1234
1238
1243
1245
1251
1252
1254
1255
1256
1257
1262
1263
1265
1271
1272
1274
1277
1278
1280
1286
1290
1291
1292
1294
1298
1300
1304
1309
1310
1312
1314
1315
1316
1317
1319
1320
1325
1327
1329
1331
1334
1342
1347
1348
1352
1353
1354
1355
1356
1357
1358
1359
1365
1366
1367
1371
1373
1374
1376
1377
1378
1381
1382
1385
1387
1388
1395
1396
1397
1404
1409
1414
1416
1417
1418
1421
1423
1424
1425
1426
1428
1431
1433
1434
1437
1442
1444
1450
1451
1453
1454
1455
1457
1458
1459
1462
1463
1469
1471
1474
1475
1477
1478
1479
1480
1481
1483
1484
1487
1490
1494
1495
1496
1498
1499
1503
1504
1505
1507
1509
1510
1511
1516
1518
1522
1525
1526
1527
1530
1531
1534
1536
1537
1540
1543
1544
1545
1546
1548
1552
1553
1554
1555
1556
1557
1558
1559
1560
1563
1566
1569
1573
1576
1578
1580
1581
1584
1586
1587
1588
1591
1594
1595
1597
1598
1599
1600
1601
1605
1608
1609
1610
1615
1619
1620
1627
1628
1629
1636
1637
1638
1640
1644
1647
1650
1651
1654
1656
1657
1658
1663
1666
1667
1668
1671
1673
1677
1678
1680
1681
1684
1686
1687
1688
1690
1691
1694
1696
1698
1700
1704
1705
1708
1710
1712
1714
1715
1716
1717
1719
1720
1723
1726
1728
1729
1730
1731
1733
1737
1740
1741
1744
1745
1747
1748
1749
1752
1753
1754
1755
1756
1757
1759
1760
1762
1763
1769
1770
1771
1772
1773
1775
1777
1778
1779
1780
1784
1785
1786
1788
1790
1791
1792
1797
1798
1799
1801
1802
1803
1804
1805
1806
1807
1808
1809
1811
1813
1815
1818
1820
1822
1827
1829
1830
1831
1834
1836
1837
1838
1845
1849
1850
1851
1861
1863
1867
1869
1870
1871
1872
1873
1875
1877
1884
1886
1888
1889
1893
1897
1898
1900
1901
1903
1907
1911
1912
1913
1915
1916
1920
1921
1923
1927
1933
1934
1935
1936
1938
1940
1941
1945
1946
1948
1950
1951
1954
1955
1956
1957
1958
1959
1961
1962
1963
1964
1966
1967
1972
1973
1974
1976
1979
1980
1983
1984
1985
1987
1991
1993
1994
1999
2000
2003
2006
2008
2009
2010
2011
2012
2016
2018
2020
2026
2027
2030
2031
2033
2034
2035
2036
2037
2040
2046
2047
2052
2054
2056
2057
2058
2060
2063
2068
2069
2072
2073
2074
2078
2080
2081
2082
2083
2085
2086
2089
2090
2095
2098
2101
2102
2104
2107
2108
2109
2110
2111
2114
2115
2117
2119
2121
2122
2123
2124
2125
2126
2127
2129
2132
2133
2134
2136
2137
2141
2142
2143
2144
2146
2147
2148
2151
2154
2157
2159
2161
2162
2163
2164
2167
2170
2171
2175
2176
2182
2183
2184
2185
2188
2189
2190
2191
2192
2197
2198
2199
2203
2206
2207
2209
2210
2216
2217
2223
2224
2226
2227
2229
2240
2241
2243
2245
2247
2248
2252
2255
2257
2258
2271
2274
2275
2276
2278
2279
2281
2283
2284
2285
2286
2288
2291
2292
2295
2296
2297
2302
2304
2308
2309
2310
2311
2317
2319
2320
2321
2324
2327
2332
2334
2338
2339
2340
2341
2342
2343
2344
2345
2346
2347
2351
2353
2357
2360
2365
2367
2369
2373
2375
2377
2379
2380
2381
2383
2385
2388
2390
2391
2392
2395
2396
2399
2400
2401
2402
2403
2404
2407
2408
2410
2411
2412
2418
2419
2423
2424
2425
2428
2429
2432
2434
2438
2439
2440
2443
2446
2447
2451
2454
2458
2459
2462
2464
2465
2466
2470
2471
2472
2477
2480
2482
2483
2485
2487
2489
2490
2491
2493
2494
2495
2496
2498
2501
2502
2503
2504
2506
2507
2508
2510
2511
2513
2515
2516
2517
2520
2524
2527
2528
2530
2532
2534
2536
2538
2542
2543
2544
2550
2551
2552
2555
2556
2558
2563
2565
2566
2568
2569
2571
2572
2575
2576
2577
2581
2583
2584
2587
2590
2593
2595
2596
2597
2600
2601
2603
2607
2608
2611
2612
2614
2617
2618
2620
2621
2623
2624
2628
2630
2633
2636
2637
2638
2640
2641
2643
2646
2648
2649
2650
2651
2652
2654
2657
2658
2659
2661
2662
2663
2665
2666
2667
2669
2671
2672
2673
2677
2680
2685
2686
2687
2688
2689
2691
2692
2693
2694
2699
2700
2701
2703
2705
2706
2709
2711
2714
2715
2716
2717
2718
2719
2720
2721
2723
2726
2727
2729
2730
2733
2734
2735
2737
2739
2741
2744
2749
2750
2752
2753
2754
2756
2757
2758
2760
2770
2773
2775
2777
2780
2781
2782
2783
2784
2786
2788
2789
2791
2792
2796
2803
2804
2805
2806
2807
2810
2812
2816
2817
2819
2821
2823
2824
2825
2826
2829
2835
2838
2840
2843
2846
2847
2850
2854
2857
2859
2860
2864
2867
2871
2874
2876
2878
2882
2884
2885
2886
2888
2891
2892
2893
2894
2895
2899
2903
2905
2908
2909
2911
2914
2917
2918
2919
2922
2923
2924
2927
2928
2929
2933
2934
2935
2936
2938
2941
2946
2947
2951
2952
2953
2954
2956
2958
2959
2960
2962
2965
2966
2967
2968
2970
2971
2973
2976
2977
2978
2980
2989
2990
2991
2992
2993
2995
2997
2998
3001
3008
3009
3011
3015
3020
3021
3022
3024
3028
3029
3030
3031
3032
3033
3035
3036
3039
3040
3042
3043
3044
3045
3046
3049
3051
3054
3055
3056
3057
3059
3060
3061
3063
3065
3066
3067
3068
3069
3070
3072
3073
3077
3080
3084
3087
3088
3090
3091
3093
3094
3096
3097
3099
3100
3103
3104
3105
3106
3109
3110
3112
3114
3115
3119
3120
3121
3122
3123
3126
3127
3128
3132
3133
3134
3136
3138
3139
3145
3147
3148
3151
3152
3154
3156
3157
3160
3161
3163
3165
3167
3168
3170
3175
3176
3178
3181
3185
3186
3188
3191
3193
3194
3195
3197
3199
3201
3203
3204
3205
3206
3209
3210
3211
3212
3213
3217
3221
3222
3223
3224
3226
3227
3228
3230
3231
3232
3233
3235
3236
3238
3239
3242
3244
3245
3246
3250
3254
3255
3259
3262
3264
3268
3269
3271
3272
3274
3275
3276
3277
3280
3285
3289
3290
3291
3292
3293
3295
3297
3298
3302
3306
3308
3314
3315
3319
3325
