1
2
4
6
7
9
11
12
13
15
16
21
22
23
25
26
27
28
29
30
31
34
36
37
38
39
40
47
49
51
52
56
60
63
64
67
74
75
81
87
88
89
93
94
98
100
101
102
104
105
107
108
109
112
113
114
116
118
119
121
123
126
127
131
133
134
136
137
142
144
147
149
151
153
156
160
161
162
163
166
168
174
178
179
181
182
184
189
190
192
193
194
195
198
201
204
205
207
208
209
210
211
212
213
216
222
225
228
232
233
234
237
239
244
246
249
251
252
253
254
256
258
260
263
267
269
270
272
273
274
276
277
278
279
280
281
283
284
286
293
296
300
301
302
303
307
308
309
311
313
314
317
318
323
325
327
328
329
330
331
345
347
349
350
353
356
357
358
359
360
361
366
368
370
371
373
374
376
378
380
384
390
391
393
394
395
396
397
398
405
406
413
414
415
418
419
421
423
424
425
427
428
431
432
433
434
435
439
442
447
448
449
451
452
453
454
461
462
463
465
468
469
470
474
476
478
479
480
481
483
485
486
487
488
492
494
497
500
504
507
509
511
516
522
524
530
531
532
533
535
540
542
543
544
545
546
553
554
557
559
565
566
567
568
570
571
573
575
576
580
581
583
584
585
587
588
589
591
592
593
597
600
604
606
607
609
618
622
624
625
627
629
631
636
637
642
643
644
649
651
654
657
661
662
664
666
669
670
671
673
675
677
678
684
685
687
688
690
699
701
702
703
704
708
709
710
711
713
715
716
720
722
723
725
727
732
734
735
736
739
740
741
745
748
751
754
757
758
759
761
762
765
767
768
769
770
773
775
777
778
779
780
781
784
786
788
793
798
799
803
806
807
813
814
817
818
819
820
821
825
827
828
829
830
832
835
836
840
841
844
847
850
851
852
853
859
864
865
867
871
873
875
876
877
878
881
883
886
887
888
891
893
894
895
900
902
903
904
908
912
913
914
916
917
922
924
928
930
931
932
935
940
941
942
944
945
951
953
954
955
960
961
962
967
968
969
973
975
976
979
981
982
983
984
985
986
987
988
990
991
992
993
994
995
996
998
1001
1002
1003
1006
1010
1013
1017
1023
1024
1026
1027
1031
1032
1033
1037
1039
1040
1041
1045
1046
1047
1048
1049
1050
1051
1052
1053
1058
1059
1063
1064
1069
1071
1072
1074
1075
1076
1077
1078
1081
1082
1083
1084
1089
1090
1091
1093
1094
1095
1097
1098
1099
1101
1104
1105
1106
1110
1111
1113
1117
1118
1120
1121
1122
1124
1125
1128
1130
1132
1133
1135
1139
1142
1144
1146
1147
1148
1149
1150
1156
1159
1161
1162
1163
1164
1167
1169
1171
1172
1173
1174
1175
1176
1177
1179
1180
1183
1185
1187
1188
1191
1192
1193
1195
1196
1198
1200
1201
1202
1204
1207
1208
1210
1211
1214
1215
1216
1218
1220
1221
1226
1227
1229
1231
1233
1234
1237
1238
1241
1242
1247
1249
1252
1253
1255
1259
1261
1263
1264
1265
1266
1267
1268
1276
1277
1278
1279
1281
1282
1283
1284
1285
1287
1288
1290
1293
1294
1295
1296
1298
1301
1302
1304
1305
1307
1309
1310
1311
1312
1313
1314
1315
1316
1317
1323
1325
1328
1332
1336
1338
1340
1342
1343
1344
1345
1346
1347
1348
1350
1354
1356
1357
1359
1361
1365
1366
1367
1371
1375
1377
1378
1380
1384
1385
1387
1388
1391
1392
1393
1394
1395
1396
1401
1403
1405
1409
1411
1414
1418
1419
1421
1422
1423
1427
1431
1435
1436
1437
1445
1447
1449
1450
1451
1452
1454
1457
1463
1467
1471
1472
1473
1474
1475
1476
1477
1478
1479
1480
1482
1484
1487
1489
1491
1493
1499
1503
1504
1505
1510
1515
1518
1520
1522
1523
1524
1527
1529
1532
1533
1535
1536
1537
1539
1546
1548
1555
1557
1558
1559
1560
1561
1562
1567
1570
1571
1572
1573
1578
1579
1580
1581
1583
1584
1585
1587
1589
1591
1592
1594
1597
1598
1599
1600
1603
1604
1605
1607
1609
1610
1612
1613
1614
1616
1617
1620
1621
1623
1624
1625
1626
1627
1628
1630
1631
1634
1635
1636
1637
1638
1641
1643
1645
1646
1649
1652
1653
1654
1656
1657
1658
1660
1661
1662
1663
1665
1669
1670
1673
1676
1680
1683
1685
1687
1688
1698
1699
1701
1702
1708
1709
1710
1712
1713
1714
1718
1722
1724
1731
1737
1738
1740
1741
1743
1744
1747
1750
1752
1758
1759
1760
1761
1762
1764
1765
1767
1769
1771
1772
1774
1775
1778
1779
1781
1782
1783
1784
1797
1807
1810
1812
1813
1816
1817
1818
1820
1822
1825
1826
1827
1828
1829
1830
1831
1834
1835
1837
1838
1840
1841
1843
1845
1847
1850
1851
1853
1855
1856
1859
1862
1866
1870
1871
1872
1874
1875
1876
1879
1880
1881
1882
1883
1884
1885
1886
1888
1891
1898
1900
1901
1903
1904
1907
1908
1909
1910
1911
1913
1914
1915
1920
1921
1922
1925
1927
1929
1930
1932
1935
1940
1942
1943
1944
1946
1949
1952
1953
1956
1959
1966
1967
1968
1970
1971
1973
1975
1976
1978
1984
1985
1988
1991
1995
1996
1997
2002
2005
2007
2008
2010
2012
2013
2015
2017
2018
2019
2020
2022
2023
2025
2026
2028
2029
2030
2036
2037
2039
2040
2043
2044
2045
2047
2051
2053
2057
2059
2061
2062
2063
2065
2066
2069
2073
2074
2076
2077
2081
2082
2084
2087
2088
2089
2090
2091
2094
2097
2100
2101
2102
2107
2108
2109
2111
2112
2114
2117
2119
2122
2123
2127
2132
2134
2137
2139
2140
2141
2144
2145
2147
2148
2150
2151
2152
2157
2158
2159
2160
2161
2167
2168
2169
2170
2177
2178
2179
2180
2184
2185
2186
2187
2190
2191
2192
2193
2194
2195
2196
2200
2204
2206
2208
2209
2210
2211
2218
2221
2224
2234
2237
2238
2242
2243
2244
2247
2254
2257
2260
2262
2264
2267
2272
2273
2274
2275
2279
2282
2284
2286
2287
2288
2289
2291
2292
2295
2296
2297
2298
2301
2302
2303
2307
2308
2309
2311
2313
2314
2315
2316
2317
2318
2322
2327
2328
2331
2332
2334
2339
2341
2342
2343
2346
2349
2352
2353
2356
2365
2368
2369
2376
2378
2380
2381
2383
2384
2387
2388
2389
2392
2395
2397
2398
2399
2402
2403
2404
2405
2406
2409
2410
2411
2412
2414
2419
2421
2425
2426
2428
2437
2438
2439
2442
2445
2447
2448
2449
2451
2452
2453
2455
2458
2460
2461
2466
2467
2471
2474
2478
2481
2482
2483
2485
2489
2492
2493
2494
2499
2501
2503
2504
2505
2506
2508
2510
2513
2514
2515
2516
2517
2518
2519
2521
2522
2524
2527
2528
2529
2530
2533
2534
2536
2538
2540
2544
2547
2553
2555
2557
2559
2560
2561
2562
2563
2566
2567
2568
2571
2573
2574
2577
2578
2579
2581
2582
2583
2584
2586
2588
2589
2591
2594
2596
2598
2600
2604
2607
2609
2610
2613
2614
2615
2617
2619
2621
2622
2623
2624
2627
2628
2633
2636
2638
2640
2641
2643
2644
2649
2652
2653
2655
2656
2657
2660
2662
2663
2664
2666
2668
2675
2677
2685
2686
2687
2688
2689
2690
2691
2692
2700
2704
2710
2711
2715
2722
2726
2728
2730
2732
2733
2735
2736
2737
2739
2740
2743
2747
2750
2752
2753
2754
2757
2758
2759
2761
2762
2763
2764
2768
2769
2770
2771
2772
2774
2775
2782
2785
2787
2788
2789
2790
2791
2792
2794
2795
2797
2798
2803
2804
2811
2813
2815
2816
2817
2820
2821
2824
2826
2827
2829
2830
2834
2837
2839
2840
2841
2845
2847
2848
2851
2852
2856
2857
2859
2860
2862
2863
2864
2865
2867
2869
2875
2877
2879
2885
2887
2888
2889
2890
2892
2895
2903
2904
2905
2906
2907
2908
2909
2910
2911
2914
2916
2918
2919
2921
2922
2924
2926
2928
2929
2932
2933
2935
2936
2939
2942
2944
2945
2946
2947
2948
2949
2950
2951
2952
2953
2956
2958
2959
2960
2961
2962
2963
2965
2966
2967
2970
2972
2973
2975
2977
2978
2979
2981
2985
2988
2989
2990
2992
2993
2994
2999
3004
3007
3008
3009
3010
3015
3016
3017
3020
3021
3022
3023
3026
3027
3028
3029
3030
3034
3035
3037
3039
3041
3043
3045
3047
3050
3055
3056
3058
3060
3065
3068
3070
3071
3072
3073
3076
3078
3079
3081
3082
3084
3086
3087
3088
3089
3091
3093
3094
3097
3099
3100
3106
3109
3110
3112
3113
3116
3119
3121
3122
3123
3126
3133
3134
3138
3139
3141
3142
3143
3147
3150
3156
3158
3159
3160
3161
3163
3166
3167
3168
3169
3170
3172
3180
3181
3182
3183
3184
3188
3190
3196
3198
3208
3209
3211
3214
3217
3219
3224
3228
3229
3230
3231
3234
3235
3236
3238
3240
3241
3242
3243
3247
3249
3251
3253
3260
3265
3269
3270
3271
3272
3274
3276
3279
3281
3283
3285
3286
3287
3289
3292
3295
3296
3297
3298
3300
3301
3302
3303
3305
3307
3309
3311
3316
3318
3321
3322
3324
3325
3326
