2
3
7
10
11
12
17
18
19
20
21
22
24
26
34
35
37
38
39
42
43
44
45
47
48
49
51
52
53
54
58
62
68
72
73
75
78
79
84
90
92
93
95
96
97
100
104
108
111
113
114
116
117
119
120
121
123
126
127
131
133
135
136
138
139
141
144
148
149
150
153
154
157
158
161
163
164
165
166
167
168
170
172
173
174
176
177
181
182
183
188
190
191
193
194
195
196
197
199
200
201
202
203
205
206
207
208
210
212
214
215
220
221
222
223
224
229
231
232
233
234
240
241
242
244
245
247
248
249
250
252
254
256
258
261
262
264
265
266
270
277
278
281
282
284
286
288
289
294
295
296
297
298
300
301
302
304
305
307
312
313
314
315
320
321
324
325
327
328
329
330
332
335
336
337
340
351
356
358
359
362
364
365
366
367
374
376
377
379
380
382
383
384
386
387
388
389
390
392
395
396
397
400
401
402
403
404
405
407
409
412
413
415
417
421
422
425
426
428
431
434
435
436
437
438
439
440
443
444
446
448
450
452
453
457
459
465
468
469
470
472
473
476
480
481
482
483
485
486
488
492
493
494
495
498
501
502
503
505
506
507
508
509
510
513
518
523
525
526
527
528
533
534
535
540
541
542
544
550
551
552
553
554
557
558
559
560
564
565
566
574
575
578
579
580
581
582
584
588
590
593
594
595
597
598
603
604
606
607
608
609
611
612
613
615
622
628
630
634
635
637
639
640
641
642
644
648
649
650
651
654
656
657
658
659
660
663
666
669
671
672
674
675
676
677
678
681
682
683
684
686
688
689
690
694
695
700
701
702
704
705
713
717
718
720
722
723
728
729
730
731
733
736
739
741
743
744
746
747
748
751
755
764
766
769
770
772
773
775
780
781
782
789
790
795
799
800
801
802
803
804
805
809
811
812
813
815
818
822
823
824
828
833
834
835
836
838
839
840
841
844
845
847
849
852
853
854
856
857
858
859
860
864
866
869
870
871
876
877
878
879
884
885
888
889
890
891
892
897
898
899
900
902
904
906
907
908
909
910
912
914
916
917
920
923
924
925
927
928
933
934
936
937
939
940
941
943
944
945
946
948
949
950
951
955
956
957
958
959
960
961
962
964
965
967
970
972
973
974
976
979
981
982
986
991
992
994
995
996
997
999
1003
1004
1005
1006
1011
1012
1018
1019
1020
1022
1023
1024
1025
1027
1028
1030
1031
1033
1035
1036
1037
1038
1039
1040
1043
1045
1050
1051
1052
1054
1056
1060
1061
1062
1063
1065
1066
1068
1071
1072
1074
1081
1085
1088
1089
1090
1091
1096
1097
1099
1100
1101
1102
1103
1104
1106
1108
1111
1112
1115
1116
1119
1120
1121
1123
1124
1126
1128
1129
1131
1133
1137
1140
1142
1143
1144
1147
1148
1150
1151
1153
1154
1155
1161
1165
1167
1168
1171
1172
1176
1177
1180
1181
1182
1183
1185
1188
1189
1192
1196
1202
1203
1204
1205
1207
1208
1210
1212
1213
1217
1218
1225
1226
1228
1229
1230
1231
1232
1240
1241
1243
1244
1245
1247
1248
1249
1253
1256
1268
1269
1270
1272
1273
1274
1275
1278
1279
1282
1284
1285
1286
1289
1290
1297
1302
1304
1306
1307
1309
1310
1312
1315
1321
1322
1324
1333
1335
1339
1343
1345
1346
1348
1353
1355
1356
1358
1359
1362
1364
1365
1370
1371
1373
1374
1375
1376
1380
1381
1382
1383
1384
1386
1387
1388
1389
1390
1391
1394
1397
1398
1400
1402
1403
1404
1405
1407
1410
1411
1413
1415
1416
1419
1421
1424
1425
1427
1429
1433
1435
1438
1440
1441
1442
1445
1448
1450
1451
1453
1456
1458
1464
1465
1468
1469
1471
1474
1476
1477
1478
1480
1484
1486
1490
1491
1493
1494
1496
1498
1500
1502
1503
1505
1506
1507
1510
1513
1514
1519
1521
1522
1523
1524
1525
1526
1529
1530
1531
1536
1538
1540
1543
1547
1548
1551
1555
1556
1557
1560
1562
1563
1567
1576
1578
1579
1580
1581
1583
1584
1585
1586
1588
1589
1590
1593
1594
1596
1597
1598
1599
1607
1609
1610
1611
1614
1615
1617
1620
1622
1624
1625
1628
1629
1630
1631
1636
1640
1643
1644
1645
1646
1647
1649
1654
1655
1657
1659
1668
1669
1671
1672
1675
1681
1683
1684
1685
1687
1692
1693
1694
1695
1697
1700
1701
1702
1703
1711
1712
1717
1718
1720
1721
1722
1723
1725
1727
1730
1734
1737
1738
1739
1740
1741
1744
1748
1749
1750
1751
1753
1759
1761
1764
1765
1766
1768
1770
1771
1775
1778
1779
1781
1782
1786
1787
1788
1789
1793
1794
1795
1796
1797
1799
1800
1801
1802
1803
1805
1809
1812
1813
1816
1818
1822
1823
1824
1825
1827
1830
1832
1835
1839
1840
1841
1844
1845
1847
1849
1850
1853
1854
1856
1857
1860
1862
1864
1865
1866
1871
1872
1873
1875
1876
1877
1878
1881
1882
1883
1884
1887
1890
1899
1900
1901
1902
1903
1906
1913
1914
1916
1919
1923
1925
1926
1928
1929
1934
1940
1941
1944
1948
1951
1960
1961
1962
1963
1964
1967
1969
1972
1973
1976
1978
1979
1982
1986
1989
1992
1995
1996
1997
1998
1999
2000
2001
2003
2005
2009
2013
2014
2015
2017
2020
2021
2022
2025
2027
2028
2031
2033
2034
2037
2040
2046
2048
2061
2062
2066
2067
2073
2082
2083
2084
2086
2088
2090
2092
2094
2095
2096
2097
2099
2100
2101
2102
2103
2104
2106
2107
2109
2111
2112
2113
2114
2116
2119
2120
2122
2123
2125
2128
2129
2131
2134
2135
2139
2141
2142
2143
2144
2146
2147
2149
2150
2151
2152
2153
2156
2157
2158
2161
2162
2163
2166
2167
2171
2174
2175
2178
2179
2180
2183
2188
2191
2192
2194
2195
2196
2198
2203
2204
2207
2209
2213
2215
2219
2220
2222
2223
2224
2226
2228
2229
2230
2234
2235
2237
2238
2239
2241
2242
2243
2244
2250
2254
2255
2257
2260
2261
2265
2268
2272
2280
2281
2284
2285
2286
2287
2288
2289
2291
2293
2298
2300
2301
2302
2305
2308
2311
2317
2318
2320
2321
2322
2326
2327
2328
2329
2332
2334
2335
2337
2340
2342
2344
2345
2346
2347
2348
2349
2351
2353
2355
2358
2359
2360
2361
2363
2366
2368
2370
2376
2378
2379
2381
2382
2383
2387
2391
2392
2393
2396
2398
2403
2404
2405
2406
2407
2413
2416
2418
2423
2426
2427
2428
2429
2432
2435
2442
2443
2444
2445
2446
2450
2451
2453
2458
2460
2466
2467
2470
2471
2473
2476
2477
2478
2482
2486
2488
2494
2495
2496
2498
2500
2503
2505
2506
2507
2509
2510
2511
2513
2514
2517
2519
2521
2522
2524
2525
2527
2529
2530
2531
2535
2536
2537
2538
2539
2540
2541
2547
2548
2549
2551
2552
2556
2558
2563
2564
2567
2568
2570
2572
2573
2576
2582
2584
2589
2592
2593
2594
2595
2598
2605
2606
2607
2610
2611
2613
2620
2622
2623
2626
2630
2631
2634
2635
2636
2639
2641
2642
2643
2645
2646
2651
2652
2653
2654
2657
2658
2666
2667
2670
2674
2678
2680
2683
2684
2685
2686
2687
2688
2689
2690
2692
2696
2699
2700
2705
2706
2708
2713
2714
2715
2716
2717
2718
2719
2723
2725
2730
2736
2738
2739
2741
2743
2747
2748
2751
2753
2754
2755
2757
2758
2760
2761
2762
2763
2764
2765
2768
2769
2771
2774
2776
2777
2778
2779
2780
2781
2784
2785
2789
2796
2798
2801
2803
2804
2805
2806
2807
2811
2813
2814
2816
2818
2821
2822
2826
2828
2830
2831
2832
2837
2842
2845
2848
2850
2851
2853
2861
2863
2864
2868
2870
2871
2872
2874
2875
2879
2884
2889
2890
2891
2892
2894
2896
2901
2902
2903
2905
2906
2909
2911
2912
2915
2922
2924
2925
2926
2927
2930
2931
2932
2937
2940
2943
2944
2946
2950
2951
2954
2955
2956
2957
2958
2959
2961
2962
2964
2968
2970
2972
2975
2979
2982
2985
2987
2989
2990
2995
2996
2997
3002
3004
3007
3008
3010
3012
3014
3017
3019
3020
3021
3022
3023
3028
3029
3032
3034
3036
3038
3040
3042
3043
3045
3046
3049
3050
3054
3057
3059
3060
3061
3063
3064
3067
3068
3070
3072
3074
3078
3080
3081
3082
3085
3087
3089
3092
3093
3094
3095
3100
3102
3103
3104
3110
3115
3117
3120
3121
3122
3123
3130
3131
3132
3138
3140
3142
3144
3146
3149
3151
3153
3154
3155
3156
3157
3158
3160
3161
3162
3165
3166
3167
3170
3174
3175
3176
3178
3181
3182
3183
3185
3186
3188
3189
3190
3198
3199
3200
3202
3204
3206
3209
3214
3215
3216
3217
3219
3222
3223
3224
3227
3228
3229
3231
3232
3235
3236
3237
3238
3240
3243
3244
3246
3250
3252
3254
3255
3261
3262
3263
3265
3266
3269
3272
3273
3275
3279
3283
3285
3287
3288
3290
3292
3293
3294
3295
3299
3300
3305
3311
3312
3314
3317
3323
