0
3
6
9
10
12
14
15
18
20
21
23
26
29
30
31
34
36
40
49
53
55
58
60
61
63
65
66
67
68
70
72
76
77
78
80
81
82
83
86
88
90
98
100
103
104
105
107
108
113
114
115
116
117
119
125
126
127
130
139
140
141
142
144
145
146
148
149
150
151
152
156
160
162
163
165
166
167
171
172
173
174
177
179
180
182
183
186
190
193
194
195
197
201
202
203
204
206
207
208
209
211
212
213
214
215
216
217
218
219
222
224
226
228
231
233
234
236
237
240
241
243
247
249
250
259
260
263
264
266
267
268
271
277
279
280
281
282
287
288
289
290
293
295
299
300
301
302
303
307
308
310
311
312
313
314
317
318
320
321
328
329
331
332
333
335
336
337
339
340
341
344
347
348
350
351
352
353
357
358
362
363
364
366
370
371
372
373
374
376
377
378
379
380
381
382
383
384
386
389
391
392
394
399
400
401
404
407
408
410
412
414
417
422
423
426
427
435
436
437
438
439
440
443
445
446
447
448
450
452
453
454
455
456
457
458
460
462
467
468
471
474
475
476
477
479
480
483
484
487
488
489
492
495
498
501
504
506
507
514
516
518
519
521
529
531
532
533
534
536
538
539
541
542
545
549
554
556
557
559
560
561
562
566
568
570
573
576
580
582
588
589
592
593
594
595
596
597
598
601
605
607
614
615
616
618
622
623
624
625
626
627
628
630
631
632
636
638
641
642
643
644
645
646
648
653
658
661
662
665
668
671
674
676
678
680
681
682
683
685
687
688
689
690
691
697
705
706
708
710
713
715
716
717
720
722
723
725
730
731
733
734
735
736
740
742
743
747
748
751
756
758
761
763
767
768
771
774
775
776
777
779
780
787
789
795
797
803
804
807
810
814
816
822
823
824
826
827
829
830
831
834
836
837
838
841
844
845
847
850
851
854
855
857
858
859
860
861
865
866
870
871
873
876
881
882
887
888
892
895
897
900
901
902
903
904
905
909
910
912
914
915
916
917
919
921
922
926
933
938
939
940
950
951
952
954
956
958
959
960
961
968
970
971
972
973
975
976
981
983
984
985
988
990
993
995
996
997
1001
1004
1009
1011
1012
1014
1015
1016
1018
1023
1024
1025
1027
1029
1030
1033
1039
1040
1045
1046
1048
1050
1054
1055
1060
1062
1063
1065
1067
1070
1074
1075
1076
1078
1079
1080
1085
1090
1092
1093
1095
1097
1101
1102
1104
1105
1106
1109
1110
1113
1117
1120
1122
1124
1125
1126
1128
1129
1131
1132
1136
1138
1139
1140
1141
1144
1145
1146
1148
1150
1151
1152
1153
1154
1155
1156
1158
1160
1163
1164
1165
1166
1168
1172
1177
1180
1181
1185
1187
1189
1192
1193
1194
1195
1197
1202
1203
1206
1207
1208
1210
1211
1213
1214
1215
1219
1221
1225
1227
1228
1230
1233
1235
1236
1237
1239
1241
1242
1245
1247
1251
1253
1256
1259
1261
1262
1263
1265
1268
1272
1273
1275
1276
1277
1279
1282
1283
1284
1288
1289
1290
1291
1293
1295
1296
1297
1299
1303
1305
1307
1310
1311
1315
1316
1317
1318
1321
1324
1326
1327
1328
1329
1331
1332
1336
1339
1341
1342
1343
1349
1350
1351
1352
1354
1355
1357
1359
1362
1363
1364
1369
1370
1373
1374
1375
1379
1381
1383
1389
1392
1393
1395
1396
1398
1400
1403
1404
1406
1407
1409
1410
1412
1415
1422
1426
1427
1429
1430
1431
1434
1435
1437
1438
1441
1442
1444
1447
1448
1450
1451
1452
1453
1454
1455
1456
1457
1458
1459
1460
1462
1464
1467
1470
1471
1473
1474
1478
1479
1481
1485
1486
1488
1491
1493
1498
1499
1500
1503
1505
1506
1508
1510
1511
1514
1516
1517
1518
1519
1520
1521
1527
1528
1529
1530
1531
1532
1536
1538
1540
1541
1543
1544
1545
1547
1548
1550
1553
1555
1558
1559
1560
1561
1562
1563
1564
1565
1566
1569
1570
1571
1574
1578
1580
1582
1584
1586
1587
1590
1591
1593
1598
1600
1602
1603
1614
1615
1617
1619
1620
1621
1622
1623
1624
1626
1628
1630
1631
1632
1637
1638
1640
1641
1642
1643
1648
1651
1652
1655
1656
1657
1658
1659
1660
1661
1663
1667
1669
1670
1671
1673
1674
1681
1682
1684
1685
1687
1689
1690
1697
1700
1703
1704
1705
1707
1710
1713
1714
1715
1716
1721
1722
1723
1724
1730
1731
1732
1734
1738
1739
1743
1745
1747
1748
1749
1751
1752
1754
1755
1757
1759
1768
1769
1772
1773
1777
1778
1780
1783
1784
1791
1793
1794
1796
1797
1798
1801
1804
1805
1806
1809
1810
1815
1817
1821
1823
1825
1826
1827
1828
1830
1831
1833
1838
1839
1841
1850
1855
1858
1862
1863
1864
1867
1868
1869
1872
1873
1874
1875
1876
1877
1878
1882
1883
1884
1885
1888
1889
1894
1895
1896
1897
1898
1899
1901
1904
1905
1906
1909
1910
1912
1913
1914
1916
1918
1921
1922
1924
1930
1932
1939
1940
1944
1946
1948
1955
1956
1957
1960
1961
1962
1966
1970
1971
1972
1974
1975
1977
1978
1985
1988
1996
1997
1998
1999
2000
2002
2003
2004
2005
2008
2009
2010
2011
2015
2016
2018
2019
2020
2021
2022
2025
2027
2030
2031
2032
2033
2038
2039
2040
2041
2042
2043
2047
2049
2056
2058
2060
2061
2063
2064
2065
2067
2068
2070
2072
2073
2077
2079
2081
2084
2085
2086
2087
2088
2089
2090
2091
2092
2093
2095
2096
2098
2099
2101
2102
2103
2105
2107
2110
2116
2117
2121
2124
2125
2126
2127
2134
2135
2138
2140
2141
2144
2146
2148
2150
2156
2158
2159
2160
2161
2165
2167
2170
2178
2180
2182
2183
2185
2187
2189
2190
2191
2193
2195
2196
2200
2201
2203
2205
2206
2208
2209
2211
2212
2214
2216
2218
2219
2220
2223
2226
2228
2229
2231
2232
2233
2237
2240
2242
2243
2245
2248
2251
2252
2253
2254
2255
2258
2259
2260
2261
2262
2267
2269
2270
2271
2272
2273
2275
2276
2281
2284
2288
2289
2290
2292
2294
2296
2297
2298
2299
2302
2303
2305
2306
2307
2309
2313
2314
2316
2318
2319
2321
2325
2328
2329
2330
2332
2333
2339
2341
2342
2343
2344
2348
2352
2353
2354
2356
2358
2359
2360
2361
2362
2363
2364
2365
2366
2367
2368
2371
2374
2376
2383
2385
2386
2387
2388
2390
2392
2393
2394
2397
2399
2403
2404
2406
2410
2413
2414
2415
2416
2419
2420
2421
2422
2423
2426
2427
2432
2433
2434
2435
2436
2439
2442
2447
2448
2450
2452
2454
2459
2461
2462
2463
2465
2467
2472
2479
2481
2484
2488
2489
2490
2495
2496
2498
2500
2502
2505
2507
2508
2509
2512
2518
2522
2524
2526
2527
2528
2534
2535
2536
2537
2539
2541
2542
2543
2545
2548
2550
2551
2553
2554
2555
2556
2557
2562
2564
2565
2567
2568
2571
2574
2575
2581
2587
2588
2589
2591
2592
2593
2596
2597
2598
2599
2605
2608
2609
2614
2615
2616
2618
2619
2620
2621
2622
2623
2627
2631
2633
2634
2637
2638
2640
2642
2643
2644
2646
2647
2648
2650
2652
2653
2655
2656
2659
2661
2666
2671
2675
2678
2680
2681
2683
2684
2688
2692
2693
2694
2697
2699
2700
2702
2704
2706
2707
2708
2709
2712
2713
2714
2716
2718
2719
2720
2722
2726
2728
2734
2735
2736
2738
2739
2741
2745
2748
2750
2752
2753
2754
2755
2756
2758
2760
2764
2765
2766
2768
2769
2770
2775
2776
2780
2783
2786
2795
2796
2798
2799
2800
2801
2804
2807
2809
2812
2813
2817
2820
2822
2825
2826
2828
2835
2836
2837
2839
2840
2842
2843
2844
2845
2848
2850
2852
2858
2859
2861
2864
2865
2869
2871
2872
2876
2877
2879
2884
2885
2887
2890
2891
2893
2894
2895
2896
2897
2900
2907
2908
2909
2910
2911
2913
2914
2915
2919
2923
2924
2928
2930
2932
2933
2937
2940
2941
2942
2945
2947
2950
2951
2952
2953
2958
2959
2961
2963
2967
2968
2972
2975
2976
2981
2986
2992
2994
2996
2997
2998
2999
3000
3001
3002
3004
3007
3008
3009
3010
3012
3014
3019
3022
3023
3025
3030
3034
3037
3040
3041
3042
3044
3045
3046
3047
3052
3054
3057
3063
3067
3068
3069
3071
3073
3074
3081
3082
3084
3086
3088
3090
3091
3092
3093
3094
3099
3101
3102
3104
3106
3107
3108
3109
3113
3114
3115
3118
3119
3120
3122
3123
3125
3128
3130
3132
3134
3135
3136
3138
3140
3141
3142
3143
3144
3146
3147
3150
3152
3153
3159
3162
3163
3165
3166
3170
3172
3173
3177
3181
3186
3188
3189
3190
3193
3194
3195
3196
3198
3202
3204
3205
3206
3208
3214
3215
3216
3218
3220
3222
3223
3224
3228
3229
3231
3232
3234
3235
3237
3246
3247
3248
3251
3252
3253
3254
3255
3256
3258
3259
3260
3261
3264
3265
3267
3270
3271
3272
3275
3278
3286
3288
3289
3290
3292
3293
3294
3295
3297
3299
3300
3302
3303
3304
3306
3309
3311
3312
3314
3315
3317
3318
3321
3324
3325
3327
3328
3329
3331
3334
3335
3336
3337
3338
3339
3340
3341
3342
3344
3345
3346
3347
3348
3349
3350
3352
3353
3354
3355
3356
3358
3359
3360
3361
3362
3363
3365
3367
3368
3369
3372
3374
3376
3382
3383
3384
3385
3389
3392
3396
3401
3403
3405
3406
3407
3412
3413
3416
3417
3418
3419
3424
3425
3427
3429
3430
3433
3436
3437
3438
3439
3441
3443
3444
3445
3447
3450
3454
3456
3458
3459
3462
3465
3466
3467
3469
3473
3475
3477
3480
3485
3490
3492
3495
3496
3497
3500
3501
3504
3505
3507
3509
3515
3516
3517
3520
3521
3522
3523
3525
3527
3530
3531
3533
3534
3535
3538
3539
3541
3542
3543
3545
3547
3548
3549
3550
3551
3552
3553
3555
3559
3560
3561
3563
3564
3566
3573
3574
3575
3576
3577
3578
3580
3586
3588
3593
3595
3599
3601
3602
3603
3608
3613
3614
3619
3620
3621
3622
3625
3627
3630
3632
3635
3638
3640
3643
3645
3647
3651
3652
3657
3658
3659
3661
3663
3664
3665
3669
3671
3674
3675
3676
3677
3678
3679
3680
3684
3687
3688
3689
3690
3694
3697
3704
3705
3708
3709
3710
3714
3715
3716
3718
3720
3722
3725
3726
3727
3730
3733
3734
3735
3737
3739
3740
3742
3746
3748
3749
3756
3758
3759
3760
3761
3762
3763
3765
3766
3767
3768
3770
3772
3774
3775
3777
3778
3784
3785
3787
3789
3793
3795
3798
3800
3802
3804
3805
3808
3811
3812
3813
3814
3816
3817
3818
3819
3823
3830
3831
3834
3838
3841
3845
3846
3847
3852
3853
3854
3856
3857
3861
3865
3869
3872
3873
3874
3875
3877
3881
3883
3884
3885
3887
3888
3890
3891
3892
3895
3896
3901
3906
3908
3909
3912
3915
3918
3919
3920
3923
3924
3925
3931
3932
3934
3937
3939
3940
3942
3943
3947
3951
3952
3953
3954
3956
3957
3958
3959
3960
3962
3964
3965
3966
3968
3969
3970
3979
3991
3995
3996
3997
3998
3999
4001
4002
4005
4006
4009
4011
4013
4014
4016
4017
4018
4019
4020
4021
4022
4023
4026
4027
4030
4031
4035
4040
4041
4042
4043
4044
4045
4047
4055
4056
4057
4059
4060
4061
4062
4064
4066
4068
4069
4073
4075
4077
4078
4079
4081
4082
4084
4085
4086
4087
4088
4092
4093
4094
4096
4097
4099
4100
4101
4102
4103
4104
4106
4108
4110
4111
4114
4115
4120
4123
4129
4130
4131
4133
4134
4137
4138
4139
4142
4144
4147
4150
4156
4157
4160
4161
4162
4163
4164
4165
4166
4167
4168
4171
4173
4175
4176
4181
4184
4187
4189
4191
4192
4193
4195
4203
4204
4205
4206
4208
4210
4212
4213
4215
4216
4217
4219
4220
4223
4225
4228
4229
4234
4238
4240
4242
4243
4244
4246
4247
4250
4251
4252
4253
4254
4255
4256
4258
4259
4260
4262
4263
4264
4268
4269
4270
4274
4275
4276
4278
4281
4283
4284
4285
4286
4289
4290
4294
4295
4296
4297
4298
4299
4300
4301
4302
4303
4304
4305
4306
4309
4312
4313
4318
4321
4322
4323
4327
4328
4332
4333
4338
4339
4340
4342
4345
4346
4347
4348
4349
4352
4353
4355
4356
4357
4358
4359
4365
4368
4373
4375
4378
4379
4380
4383
4386
4389
4393
4398
4400
4401
4404
4409
4410
4411
4414
4415
4416
4417
4421
4423
4424
4426
4428
4430
4431
4433
4434
4435
4437
4441
4445
4446
4448
4451
4455
4462
4463
4464
4465
4466
4467
4469
4471
4472
4473
4474
4476
4477
4479
4480
4481
4484
4486
4496
4501
4502
4503
4504
4505
4508
4509
4513
4514
4515
4518
4520
4521
4524
4525
4526
4528
4531
4533
4536
4538
4540
4544
4546
4547
4550
4551
4554
4557
4558
4561
4564
4570
4571
4573
4574
4578
4581
4582
4584
4585
4586
4587
4591
4592
4595
4596
4600
4604
4610
4613
4616
4618
4623
4626
4628
4630
4636
4637
4638
4639
4642
4643
4644
4645
4646
4651
4652
4653
4655
4656
4658
4661
4662
4665
4667
4668
4673
4674
4675
4678
4680
4681
4682
4683
4685
4686
4687
4688
4694
4696
4700
4701
4706
4707
4708
4710
4711
4712
4714
4715
4716
4722
4723
4726
4728
4731
4733
4739
4740
4742
4743
4744
4747
4748
4750
4751
4753
4754
4755
4756
4758
4760
4765
4766
4767
4768
4769
4772
4773
4774
4777
4779
4781
4782
4783
4785
4787
4788
4791
4795
4796
4801
4804
4806
4808
4810
4812
4818
4820
4821
4822
4823
4824
4825
4829
4833
4834
4836
4837
4839
4840
4842
4843
4844
4846
4848
4851
4852
4854
4855
4858
4862
4863
4867
4869
4870
4872
4876
4883
4884
4888
4889
4891
4892
4893
4897
4898
4899
4904
4906
4907
4909
4910
4911
4915
4917
4918
4919
4926
4928
4933
4934
4935
4936
4937
4938
4941
4942
4944
4951
4952
4954
4956
4962
4963
4964
4968
4969
4974
4975
4978
4979
4983
4984
4985
4988
4991
4992
4996
4998
4999
5001
5003
5006
5007
5008
5009
5011
5012
5014
5018
5020
5023
5025
5026
5027
5028
5035
5037
5040
5043
5044
5046
5052
5053
5054
5055
5056
5058
5059
5060
5061
5062
5063
5064
5065
5067
5069
5070
5072
5073
5074
5076
5079
5080
5084
5086
5087
5088
5089
5090
5096
5097
5098
5099
5100
5101
5103
5110
5111
5112
5113
5114
5115
5116
5121
5123
5124
5125
5126
5127
5128
5129
5131
5132
5133
5137
5138
5142
5146
5153
5155
5156
5159
5161
5162
5163
5164
5165
5168
5169
5172
5173
5175
5176
5178
5181
5182
5183
5186
5190
5195
5196
5198
5199
5200
5201
5203
5204
5205
5207
5209
5210
5211
5213
5214
5215
5221
5224
5225
5229
5232
5236
5237
5239
5240
5243
5245
5247
5248
5249
5250
5251
5253
5255
5257
5258
5263
5266
5269
5272
5277
5284
5286
5287
5289
5292
5293
5296
5299
5306
5307
5311
5313
5321
5331
5332
5334
5335
5336
5339
5342
5344
5346
5349
5352
5353
5358
5360
5363
5364
5367
5368
5371
5374
5375
5378
5379
5380
5381
5382
5383
5386
5388
5389
5391
5393
5396
5399
5401
5404
5405
5407
5408
5410
5412
5413
5417
5420
5422
5424
5428
5436
5437
5439
5441
5442
5443
5444
5448
5449
5451
5452
5453
5460
5465
5467
5468
5470
5471
5472
5475
5476
5478
5480
5481
5485
5486
5488
5490
5491
5492
5494
5496
5498
5499
5501
5504
5505
5510
5511
5513
5515
5516
5517
5518
5519
5521
5527
5528
5530
5531
5532
5533
5534
5538
5540
5541
5542
5543
5545
5547
5548
5549
5555
5556
5557
5558
5560
5561
5562
5563
5564
5567
5569
5577
5579
5580
5583
5586
5587
5588
5594
5603
5604
5607
5608
5612
5613
5615
5617
5621
5629
5630
5633
5635
5637
5639
5641
5642
5643
5644
5645
5647
5648
5654
5655
5658
5661
5662
5663
5666
5669
5670
5671
5674
5677
5678
5679
5683
5684
5686
5689
5690
5691
5692
5697
5698
5702
5703
5704
5705
5707
5708
5711
5712
5714
5715
5717
5719
5720
5721
5722
5723
5724
5727
5729
5732
5733
5734
5735
5739
5741
5743
5746
5750
5752
5754
5756
5758
5761
5765
5766
5769
5770
5772
5775
5782
5783
5784
5785
5788
5790
5791
5792
5795
5798
5802
5805
5806
5808
5810
5811
5812
5813
5814
5815
5819
5822
5823
5824
5825
5827
5829
5833
5834
5835
5836
5837
5838
5839
5840
5841
5842
5844
5846
5847
5848
5850
5851
5853
5856
5858
5861
5863
5866
5867
5868
5869
5871
5873
5878
5882
5884
5887
5889
5891
5895
5898
5900
5902
5903
5904
5905
5906
5911
5912
5914
5915
5916
5918
5921
5925
5926
5928
5930
5935
5936
5937
5940
5941
5942
5943
5944
5947
5949
5951
5958
5959
5960
5961
5962
5963
5965
5966
5967
5970
5972
5973
5974
5976
5977
5978
5979
5984
5986
5988
5990
6001
6002
6003
6005
6006
6008
6009
6010
6012
6016
6017
6020
6021
6024
6026
6029
6032
6034
6035
6038
6039
6042
6047
6048
6052
6053
6055
6056
6057
6059
6060
6061
6062
6063
6066
6069
6070
6072
6076
6079
6080
6086
6089
6090
6093
6094
6095
6096
6098
6099
6103
6104
6107
6111
6112
6113
6115
6116
6117
6121
6123
6131
6132
6134
6136
6138
6140
6141
6144
6145
6146
6151
6152
6155
6157
6158
6159
6161
6162
6163
6165
6168
6170
6173
6175
6182
6183
6186
6187
6188
6189
6191
6192
6199
6201
6202
6209
6210
6212
6214
6215
6217
6223
6224
6225
6227
6228
6229
6231
6235
6246
6250
6252
6253
6254
6255
6257
6259
6260
6261
6262
6267
6270
6272
6273
6275
6276
6277
6278
6281
6282
6289
6290
6292
6294
6297
6299
6303
6310
6312
6313
6315
6316
6321
6326
6329
6330
6331
6333
6334
6339
6342
6343
6344
6345
6348
6350
6355
6358
6359
6360
6361
6362
6364
6365
6366
6367
6368
6369
6371
6372
6373
6374
6375
6377
6378
6381
6385
6386
6387
6388
6389
6390
6395
6397
6398
6400
6406
6408
6409
6410
6411
6412
6413
6415
6416
6418
6419
6420
6421
6423
6424
6425
6426
6428
6429
6430
6432
6433
6436
6440
6446
6449
6450
6451
6452
6455
6466
6469
6472
6473
6476
6478
6481
6482
6484
6485
6488
6490
6492
6493
6495
6496
6498
6502
6506
6511
6516
6517
6518
6519
6521
6522
6523
6526
6527
6530
6531
6533
6535
6537
6539
6543
6545
6547
6548
6549
6550
6551
6555
6556
6559
6560
6563
6569
6574
6583
6589
6591
6594
6595
6596
6598
6599
6600
6601
6602
6604
6607
6608
6613
6614
6615
6616
6618
6625
6628
6629
6634
6635
6637
6638
6640
6644
6647
6648
6652
6653
6656
6658
6659
6660
6661
6662
6664
6665
6672
6673
6674
6675
6676
6677
6681
6684
6686
6687
6688
6690
6692
6693
6694
6702
6703
6706
6710
6718
6719
6721
6725
6726
6733
6736
6737
6738
6739
6742
6743
6744
6747
6748
6749
6750
6751
6753
6754
6755
6756
6758
6762
6767
6774
6775
6777
6779
6781
6784
6785
6791
6793
6794
6795
6797
6798
6799
6800
6802
6803
6805
6808
6809
6812
6813
6814
6815
6818
6820
6824
6825
6830
6831
6833
6834
6835
6836
6837
6838
6839
6841
6843
6847
6850
6851
6852
6854
6855
6857
6861
6862
6864
6865
6866
6867
6871
6876
6878
6879
6881
6882
6883
6884
6889
6896
6897
6899
6900
6905
6907
6909
6912
6915
6917
6918
6919
6921
6922
6929
6930
6933
6934
6935
6937
6938
6939
6940
6941
6942
6944
6946
6947
6950
6953
6957
6962
6963
6964
6969
6970
6971
6972
6976
6979
6981
6986
6987
6989
6990
6991
6996
6998
6999
7000
7003
7004
7005
7007
7009
7010
7011
7015
7016
7017
7018
7020
7025
7026
7028
7029
7031
7034
7036
7039
7043
7045
7047
7049
7050
7052
7055
7057
7058
7061
7062
7064
7066
7067
7071
7072
7077
7078
7079
7082
7083
7084
7090
7093
7094
7095
7096
7101
7105
7106
7107
7108
7109
7111
7112
7113
7114
7117
7119
7120
7121
7123
7132
7137
7143
7145
7150
7151
7155
7156
7158
7159
7163
7166
7170
7172
7173
7174
7175
7176
7177
7178
7180
7182
7183
7188
7193
7194
7195
7196
7198
7199
7200
7201
7202
7203
7205
7206
7210
7213
7215
7218
7219
7226
7227
7230
7231
7232
7234
7237
7238
7241
7243
7244
7245
7248
7251
7252
7253
7254
7255
7260
7262
7264
7265
7267
7269
7272
7274
7275
7280
7281
7282
7283
7284
7285
7286
7289
7292
7296
7297
7301
7302
7304
7306
7307
7309
7313
7314
7315
7317
7319
7322
7323
7324
7326
7327
7328
7329
7331
7332
7336
7337
7338
7340
7344
7345
7353
7354
7356
7357
7359
7361
7364
7365
7367
7369
7370
7371
7373
7374
7377
7378
7379
7382
7383
7385
7388
7389
7390
7398
7399
7404
7406
7407
7409
7410
7411
7413
7414
7417
7418
7428
7429
7431
7432
7434
7436
7438
7440
7441
7446
7447
7449
7450
7456
7457
7458
7459
7462
7467
7468
7474
7475
7476
7480
7483
7486
7489
7491
7493
7495
7499
7500
7501
7502
7505
7506
7507
7508
7510
7514
7515
7516
7520
7521
7522
7523
7526
7527
7530
7531
7532
7533
7534
7535
7536
7537
7538
7541
7548
7550
7552
7554
7556
7557
7559
7561
7562
7563
7564
7565
7568
7570
7571
7574
7576
7578
7581
7583
7585
7586
7589
7591
7594
7596
