0
7
10
12
15
19
21
23
25
27
31
34
35
36
38
39
40
45
46
49
50
51
52
54
55
56
57
59
60
64
67
68
69
70
71
72
76
78
79
83
84
85
86
87
88
91
92
95
99
100
101
102
104
105
108
110
111
117
119
124
126
127
129
130
133
134
136
137
138
140
141
143
145
146
147
149
150
151
152
153
158
162
169
173
174
175
176
177
178
179
181
182
183
186
187
188
189
190
191
192
193
194
199
200
203
205
207
208
210
211
215
216
220
225
226
227
233
238
239
242
246
247
248
259
260
261
262
265
266
267
268
269
271
273
274
278
279
281
284
285
288
290
295
296
297
298
301
303
304
306
307
308
309
310
312
316
317
319
320
323
325
328
337
338
342
343
345
347
348
349
350
352
363
365
366
367
368
369
370
376
381
382
383
384
388
392
393
394
395
396
404
408
411
415
416
418
419
420
421
422
423
424
426
427
430
431
432
433
435
436
439
441
442
445
448
449
452
456
457
459
462
465
466
468
471
472
474
475
476
477
481
482
485
486
491
493
494
496
497
499
503
508
517
524
528
531
533
538
539
540
543
544
546
547
548
550
551
552
553
555
556
572
574
575
576
580
581
582
583
589
591
592
594
595
596
598
599
601
602
604
606
607
609
615
617
618
620
622
624
628
630
631
633
636
638
639
643
646
649
650
651
652
653
655
659
661
662
663
664
665
667
668
669
670
672
674
675
677
679
680
681
684
685
686
687
688
689
691
692
698
700
701
706
707
710
713
717
721
722
725
726
729
730
731
733
735
738
742
743
744
748
752
755
759
761
766
767
768
769
770
772
773
776
779
780
781
783
785
787
788
789
794
796
797
800
805
806
807
808
810
812
813
817
819
821
827
828
829
831
833
835
840
843
845
846
848
849
851
853
854
856
857
858
859
866
868
870
872
873
876
877
879
880
881
886
889
890
891
892
893
896
897
901
902
903
909
911
912
915
917
919
920
922
926
927
931
933
934
935
936
938
943
945
948
951
952
954
955
960
961
962
963
965
966
969
970
972
975
976
978
980
982
984
986
987
992
993
994
995
998
1000
1002
1006
1007
1008
1009
1010
1011
1012
1013
1019
1021
1023
1024
1026
1030
1031
1037
1039
1041
1046
1049
1054
1056
1057
1058
1059
1062
1063
1064
1069
1070
1073
1075
1077
1080
1081
1083
1084
1085
1086
1094
1095
1096
1098
1099
1100
1101
1102
1103
1104
1105
1107
1111
1112
1113
1114
1116
1117
1119
1121
1125
1126
1129
1130
1132
1133
1135
1136
1137
1138
1140
1141
1142
1143
1145
1147
1148
1150
1152
1158
1160
1165
1167
1170
1173
1176
1177
1178
1182
1186
1189
1190
1196
1197
1200
1201
1204
1206
1208
1210
1213
1215
1216
1217
1218
1220
1221
1222
1223
1225
1227
1228
1229
1233
1234
1236
1240
1241
1242
1243
1244
1247
1248
1249
1253
1254
1255
1256
1258
1259
1261
1262
1265
1267
1272
1274
1276
1281
1283
1284
1285
1286
1287
1288
1289
1290
1293
1294
1295
1297
1299
1301
1303
1304
1308
1312
1316
1319
1320
1322
1323
1324
1325
1329
1331
1332
1334
1335
1337
1339
1340
1341
1342
1343
1344
1345
1346
1347
1350
1351
1354
1356
1358
1359
1361
1362
1363
1364
1367
1370
1371
1372
1374
1376
1378
1379
1380
1383
1385
1386
1387
1388
1389
1393
1396
1398
1399
1401
1402
1403
1404
1405
1406
1407
1409
1410
1412
1414
1415
1417
1418
1424
1425
1427
1428
1429
1430
1431
1433
1436
1438
1439
1444
1445
1448
1450
1452
1453
1455
1456
1458
1462
1465
1467
1470
1471
1472
1475
1476
1477
1478
1480
1481
1482
1485
1487
1490
1491
1492
1499
1501
1503
1504
1508
1509
1516
1517
1524
1527
1528
1529
1533
1535
1536
1537
1542
1546
1547
1559
1561
1562
1563
1564
1568
1571
1573
1576
1577
1578
1580
1581
1584
1585
1588
1589
1591
1594
1598
1599
1600
1601
1602
1606
1607
1612
1613
1614
1616
1619
1620
1622
1625
1626
1627
1628
1630
1631
1633
1634
1636
1637
1639
1641
1646
1652
1653
1656
1657
1662
1663
1664
1665
1666
1667
1668
1671
1676
1678
1679
1684
1685
1686
1690
1691
1692
1694
1698
1700
1701
1702
1704
1709
1711
1715
1718
1721
1725
1733
1734
1735
1737
1738
1741
1742
1745
1748
1749
1750
1753
1757
1760
1761
1765
1769
1773
1775
1776
1780
1781
1785
1788
1789
1793
1795
1796
1798
1804
1806
1807
1808
1811
1812
1813
1814
1817
1818
1819
1820
1823
1825
1826
1827
1828
1829
1830
1831
1832
1835
1839
1840
1842
1843
1844
1845
1847
1848
1850
1851
1852
1853
1854
1859
1861
1864
1868
1869
1873
1875
1877
1879
1881
1882
1883
1885
1886
1889
1890
1891
1894
1897
1900
1902
1904
1905
1907
1909
1910
1912
1914
1915
1916
1918
1920
1921
1922
1924
1926
1928
1930
1931
1933
1934
1942
1943
1944
1945
1950
1954
1956
1960
1962
1963
1964
1966
1967
1971
1973
1980
1983
1986
1988
1989
1993
1995
1996
1998
1999
2000
2001
2003
2006
2007
2008
2012
2014
2015
2016
2020
2022
2024
2025
2026
2031
2032
2035
2036
2037
2041
2042
2044
2045
2047
2049
2054
2055
2058
2061
2062
2064
2066
2067
2069
2070
2071
2077
2079
2080
2082
2085
2088
2089
2090
2093
2094
2095
2096
2097
2103
2104
2105
2107
2108
2109
2117
2120
2123
2126
2131
2133
2136
2138
2139
2140
2142
2145
2147
2148
2150
2151
2152
2155
2157
2159
2161
2162
2163
2169
2170
2172
2173
2176
2177
2179
2182
2184
2186
2187
2189
2190
2191
2196
2198
2199
2200
2201
2202
2203
2204
2205
2208
2210
2213
2214
2217
2224
2225
2226
2227
2228
2230
2232
2236
2238
2240
2242
2243
2249
2256
2259
2260
2262
2265
2267
2269
2270
2271
2276
2277
2278
2279
2280
2282
2288
2291
2293
2294
2295
2296
2297
2298
2302
2303
2306
2310
2312
2313
2315
2317
2318
2321
2323
2326
2327
2328
2330
2335
2337
2338
2342
2343
2345
2346
2347
2348
2349
2350
2351
2353
2356
2357
2361
2362
2363
2364
2365
2368
2369
2370
2373
2374
2376
2377
2380
2382
2386
2387
2388
2389
2393
2394
2396
2398
2405
2407
2408
2411
2412
2413
2415
2417
2421
2423
2425
2426
2428
2429
2430
2433
2435
2437
2441
2447
2448
2452
2453
2456
2460
2461
2463
2464
2465
2468
2471
2473
2478
2483
2486
2489
2490
2495
2497
2500
2504
2505
2507
2510
2511
2513
2514
2521
2523
2525
2529
2531
2533
2535
2537
2538
2547
2548
2551
2552
2555
2557
2559
2561
2564
2565
2566
2567
2568
2571
2572
2573
2576
2580
2581
2582
2585
2586
2587
2591
2592
2593
2594
2597
2599
2600
2602
2606
2607
2608
2609
2610
2611
2612
2613
2616
2618
2621
2623
2624
2625
2632
2634
2635
2639
2640
2643
2647
2648
2650
2653
2654
2657
2658
2660
2662
2663
2667
2668
2669
2670
2673
2676
2677
2680
2684
2685
2687
2689
2690
2691
2692
2696
2697
2701
2702
2703
2705
2707
2709
2711
2713
2714
2717
2723
2727
2731
2732
2733
2736
2737
2741
2745
2746
2751
2752
2754
2756
2757
2758
2759
2763
2765
2766
2767
2769
2770
2771
2772
2775
2781
2783
2786
2788
2789
2791
2792
2793
2794
2795
2796
2797
2798
2803
2808
2810
2813
2814
2816
2817
2819
2821
2823
2824
2825
2826
2827
2829
2830
2831
2833
2834
2835
2836
2838
2839
2843
2844
2845
2848
2849
2850
2852
2855
2858
2860
2861
2864
2865
2867
2869
2871
2874
2875
2876
2877
2878
2879
2881
2882
2884
2887
2889
2891
2897
2900
2902
2904
2905
2909
2910
2911
2913
2918
2921
2927
2928
2929
2930
2931
2932
2933
2934
2936
2938
2939
2940
2944
2946
2948
2949
2950
2951
2954
2955
2962
2963
2964
2965
2970
2973
2978
2979
2981
2982
2983
2984
2985
2988
2991
2994
2995
2996
2997
2998
3000
3003
3005
3006
3007
3008
3009
3010
3012
3014
3017
3019
3021
3024
3026
3028
3031
3032
3035
3037
3043
3046
3052
3055
3058
3059
3064
3066
3068
3069
3072
3073
3074
3083
3084
3085
3091
3093
3094
3095
3098
3099
3101
3104
3106
3107
3109
3111
3112
3114
3115
3116
3117
3121
3123
3125
3126
3132
3134
3135
3136
3138
3142
3147
3148
3149
3150
3152
3154
3155
3158
3159
3161
3165
3166
3168
3170
3171
3173
3174
3176
3178
3182
3185
3187
3188
3189
3193
3196
3200
3201
3203
3204
3205
3206
3211
3212
3214
3215
3220
3221
3222
3225
3227
3229
3231
3232
3233
3235
3236
3239
3240
3242
3244
3249
3250
3254
3256
3258
3259
3261
3262
3263
3266
3269
3270
3273
3276
3278
3279
3280
3286
3287
3288
3291
3296
3297
3298
3299
3300
3301
3304
3312
3313
3314
3315
3316
3318
3319
3321
3322
3323
3326
3327
3328
3332
3333
3334
3335
3336
3337
3342
3343
3344
3347
3349
3353
3355
3358
3359
3361
3364
3365
3369
3373
3374
3376
3377
3380
3385
3387
3389
3394
3396
3400
3402
3406
3407
3408
3411
3416
3419
3425
3428
3431
3440
3442
3449
3451
3453
3454
3455
3456
3461
3462
3465
3470
3472
3476
3480
3481
3484
3486
3487
3490
3491
3492
3493
3494
3498
3502
3503
3505
3508
3513
3514
3517
3518
3519
3520
3522
3524
3526
3527
3528
3529
3530
3532
3536
3538
3542
3544
3546
3547
3551
3552
3557
3558
3560
3561
3563
3565
3566
3569
3574
3575
3580
3581
3584
3589
3590
3591
3595
3598
3599
3600
3601
3602
3605
3606
3608
3610
3612
3614
3618
3621
3624
3628
3629
3630
3632
3637
3642
3646
3647
3650
3651
3652
3654
3655
3658
3659
3660
3663
3664
3665
3667
3668
3671
3674
3676
3678
3682
3683
3685
3688
3690
3692
3693
3694
3695
3697
3699
3701
3702
3704
3708
3709
3710
3714
3717
3719
3722
3723
3727
3730
3733
3735
3738
3741
3742
3744
3745
3746
3747
3750
3753
3756
3757
3758
3760
3762
3764
3766
3767
3771
3772
3773
3775
3776
3777
3778
3780
3781
3783
3786
3792
3793
3797
3800
3802
3803
3804
3807
3811
3814
3817
3818
3819
3820
3821
3822
3823
3825
3828
3829
3830
3831
3832
3833
3835
3836
3837
3842
3844
3845
3847
3848
3849
3850
3851
3852
3855
3856
3858
3859
3860
3862
3863
3870
3871
3876
3878
3881
3882
3884
3885
3887
3888
3894
3897
3898
3899
3900
3904
3906
3912
3915
3916
3918
3921
3923
3924
3931
3932
3934
3936
3938
3940
3941
3945
3956
3957
3958
3960
3961
3962
3963
3967
3968
3970
3973
3974
3975
3979
3981
3982
3986
3991
3992
3993
3996
3999
4002
4004
4006
4008
4010
4015
4016
4017
4018
4019
4020
4022
4026
4027
4032
4034
4035
4036
4037
4039
4040
4043
4044
4045
4052
4053
4054
4056
4057
4058
4059
4062
4063
4064
4066
4067
4068
4072
4073
4075
4077
4078
4079
4088
4090
4093
4097
4099
4101
4104
4106
4107
4111
4113
4115
4117
4118
4123
4124
4125
4126
4127
4132
4135
4138
4140
4145
4146
4147
4149
4150
4152
4155
4156
4158
4159
4160
4161
4164
4165
4167
4169
4176
4177
4179
4183
4185
4188
4189
4191
4192
4193
4194
4195
4196
4200
4201
4204
4205
4206
4209
4215
4216
4218
4219
4223
4224
4227
4228
4229
4230
4231
4233
4236
4237
4238
4240
4241
4246
4248
4253
4260
4261
4262
4264
4265
4267
4273
4274
4276
4277
4283
4286
4287
4291
4297
4298
4299
4301
4302
4305
4306
4307
4309
4310
4311
4312
4313
4314
4315
4317
4319
4323
4325
4330
4335
4336
4339
4351
4352
4355
4356
4358
4362
4365
4366
4368
4369
4372
4374
4376
4377
4381
4382
4387
4388
4390
4392
4393
4395
4398
4399
4401
4402
4407
4408
4411
4414
4415
4416
4419
4420
4424
4427
4428
4430
4431
4432
4434
4438
4439
4444
4445
4446
4448
4449
4452
4453
4454
4456
4457
4458
4459
4460
4462
4463
4464
4465
4467
4469
4473
4475
4477
4478
4480
4483
4484
4485
4486
4490
4491
4492
4495
4502
4503
4504
4507
4508
4509
4512
4513
4516
4519
4520
4521
4522
4523
4524
4529
4532
4533
4536
4539
4542
4543
4544
4545
4546
4548
4550
4551
4552
4553
4554
4557
4558
4559
4560
4565
4566
4570
4572
4573
4574
4575
4577
4579
4581
4582
4583
4584
4585
4590
4591
4593
4595
4596
4597
4600
4603
4605
4607
4610
4611
4612
4616
4618
4619
4620
4622
4623
4624
4627
4628
4629
4631
4632
4634
4636
4637
4649
4650
4651
4652
4653
4655
4656
4657
4658
4660
4661
4663
4664
4667
4670
4675
4678
4679
4683
4687
4688
4693
4695
4696
4697
4699
4704
4706
4710
4713
4715
4716
4717
4719
4722
4726
4728
4731
4732
4733
4735
4738
4740
4743
4744
4747
4748
4749
4751
4754
4755
4756
4758
4759
4760
4761
4770
4771
4775
4778
4781
4784
4785
4788
4790
4795
4797
4799
4803
4805
4807
4808
4810
4811
4813
4815
4817
4819
4820
4821
4822
4823
4829
4831
4832
4834
4838
4840
4841
4842
4843
4844
4845
4847
4852
4855
4856
4858
4861
4865
4869
4870
4871
4873
4876
4878
4884
4886
4888
4889
4890
4891
4893
4895
4897
4898
4899
4901
4902
4904
4906
4907
4908
4909
4910
4911
4914
4917
4918
4919
4920
4922
4928
4929
4930
4932
4934
4935
4936
4937
4940
4945
4946
4949
4950
4951
4955
4957
4958
4960
4961
4963
4964
4965
4966
4967
4968
4974
4977
4978
4983
4984
4985
4986
4987
4989
4996
4997
4998
4999
5001
5005
5009
5010
5013
5015
5017
5018
5022
5023
5025
5027
5028
5030
5032
5033
5034
5039
5041
5042
5043
5044
5047
5048
5049
5052
5053
5055
5057
5058
5059
5061
5063
5066
5067
5068
5072
5075
5079
5080
5084
5085
5086
5087
5089
5092
5094
5095
5096
5097
5098
5099
5101
5103
5106
5111
5112
5113
5114
5117
5119
5120
5121
5125
5129
5132
5133
5135
5136
5137
5138
5139
5140
5142
5143
5144
5145
5146
5147
5154
5155
5156
5160
5162
5164
5165
5167
5168
5170
5173
5177
5180
5181
5182
5183
5184
5190
5193
5199
5200
5201
5202
5205
5206
5207
5209
5210
5211
5215
5217
5220
5221
5222
5223
5224
5229
5230
5237
5238
5240
5241
5243
5247
5248
5250
5251
5253
5254
5256
5257
5258
5259
5261
5266
5269
5271
5272
5273
5274
5275
5276
5278
5279
5280
5281
5283
5284
5286
5288
5289
5292
5294
5295
5296
5298
5299
5301
5305
5306
5311
5315
5321
5322
5323
5326
5329
5330
5331
5333
5340
5341
5343
5344
5346
5351
5353
5355
5358
5359
5362
5363
5366
5368
5369
5370
5371
5373
5375
5379
5381
5383
5385
5386
5388
5390
5392
5397
5398
5401
5402
5403
5405
5406
5407
5408
5411
5412
5413
5414
5415
5416
5417
5418
5426
5428
5429
5431
5433
5435
5439
5441
5444
5445
5447
5451
5452
5453
5454
5456
5457
5460
5462
5463
5464
5465
5466
5467
5469
5471
5474
5475
5476
5477
5478
5479
5481
5483
5487
5488
5491
5495
5496
5500
5501
5503
5505
5507
5508
5509
5511
5513
5514
5515
5516
5517
5519
5520
5521
5523
5524
5525
5529
5531
5533
5534
5535
5536
5537
5539
5541
5542
5544
5545
5546
5547
5548
5556
5557
5561
5563
5565
5566
5568
5570
5572
5573
5575
5576
5578
5579
5580
5582
5585
5588
5589
5590
5591
5592
5593
5595
5598
5599
5603
5605
5606
5608
5609
5613
5614
5615
5616
5617
5622
5623
5624
5625
5629
5631
5636
5637
5639
5640
5642
5645
5646
5647
5651
5653
5654
5655
5657
5658
5659
5661
5663
5666
5667
5669
5670
5671
5672
5674
5675
5679
5681
5682
5683
5685
5689
5692
5695
5696
5697
5698
5699
5701
5702
5706
5708
5709
5712
5715
5718
5721
5722
5724
5726
5729
5730
5734
5736
5738
5740
5741
5742
5743
5745
5748
5751
5752
5753
5754
5755
5758
5761
5764
5766
5767
5775
5776
5777
5779
5780
5781
5783
5784
5786
5787
5788
5789
5790
5791
5792
5793
5798
5799
5804
5805
5807
5810
5811
5812
5813
5814
5816
5817
5818
5819
5822
5824
5826
5832
5834
5835
5836
5837
5838
5843
5845
5846
5851
5852
5853
5857
5858
5859
5861
5862
5864
5868
5869
5876
5877
5878
5886
5889
5892
5896
5898
5900
5903
5905
5906
5907
5908
5910
5911
5914
5915
5916
5917
5919
5920
5921
5924
5926
5927
5929
5930
5932
5935
5936
5941
5942
5944
5945
5948
5952
5954
5957
5959
5960
5964
5968
5969
5971
5974
5977
5978
5979
5980
5982
5983
5984
5986
5987
5988
5989
5990
5991
5994
5996
5997
6000
6001
6002
6003
6005
6009
6011
6012
6015
6016
6018
6019
6023
6024
6025
6027
6031
6034
6037
6039
6043
6044
6045
6047
6051
6054
6055
6057
6058
6060
6061
6063
6066
6070
6073
6074
6076
6077
6078
6080
6082
6084
6086
6087
6089
6092
6095
6096
6098
6099
6100
6101
6104
6105
6108
6111
6112
6117
6120
6121
6122
6127
6130
6131
6133
6135
6136
6139
6140
6142
6144
6145
6147
6148
6151
6152
6154
6155
6156
6157
6160
6162
6164
6165
6167
6168
6170
6171
6172
6174
6176
6177
6179
6181
6182
6183
6186
6188
6190
6192
6193
6194
6199
6200
6203
6205
6206
6207
6211
6216
6217
6219
6221
6222
6223
6224
6225
6226
6227
6228
6230
6234
6235
6236
6237
6239
6240
6241
6243
6244
6247
6251
6252
6253
6255
6256
6258
6261
6262
6264
6265
6267
6268
6269
6273
6276
6278
6284
6287
6289
6291
6294
6297
6300
6305
6306
6307
6309
6311
6312
6314
6315
6316
6317
6318
6319
6320
6321
6322
6323
6331
6334
6337
6340
6342
6343
6344
6347
6349
6350
6353
6354
6355
6358
6359
6360
6362
6364
6367
6370
6373
6374
6375
6376
6378
6380
6383
6385
6387
6388
6390
6392
6394
6396
6399
6402
6410
6414
6415
6416
6419
6420
6425
6429
6430
6431
6433
6434
6436
6437
6441
6443
6448
6452
6454
6455
6456
6463
6466
6469
6471
6472
6476
6477
6479
6482
6484
6489
6493
6494
6495
6496
6498
6499
6500
6501
6502
6503
6506
6508
6512
6513
6517
6520
6521
6524
6527
6529
6535
6536
6537
6539
6541
6542
6545
6546
6547
6548
6551
6555
6559
6560
6561
6563
6565
6566
6568
6569
6572
6573
6575
6576
6578
6581
6582
6583
6584
6587
6588
6590
6596
6597
6599
6602
6603
6604
6605
6606
6608
6610
6611
6612
6614
6619
6620
6623
6626
6627
6628
6630
6631
6633
6634
6635
6636
6641
6643
6648
6649
6652
6653
6654
6656
6658
6659
6660
6665
6666
6668
6672
6673
6677
6679
6685
6686
6689
6691
6693
6694
6696
6698
6701
6702
6704
6712
6713
6714
6719
6730
6736
6738
6739
6744
6745
6746
6747
6752
6754
6755
6758
6759
6760
6762
6766
6767
6768
6769
6771
6774
6776
6783
6791
6792
6796
6798
6799
6801
6802
6806
6808
6810
6813
6814
6818
6819
6820
6822
6823
6824
6825
6826
6827
6828
6829
6833
6835
6836
6839
6840
6841
6845
6846
6847
6848
6849
6850
6851
6852
6854
6855
6856
6859
6860
6861
6862
6863
6864
6869
6870
6871
6872
6874
6875
6876
6877
6881
6883
6886
6889
6890
6892
6893
6896
6897
6900
6905
6907
6908
6910
6911
6914
6915
6916
6917
6920
6921
6924
6925
6926
6927
6931
6932
6934
6938
6942
6944
6947
6949
6951
6953
6956
6958
6960
6963
6964
6965
6966
6967
6970
6975
6979
6984
6988
6990
6992
6995
6996
6997
7000
7005
7007
7008
7010
7011
7016
7019
7021
7022
7023
7024
7027
7028
7029
7030
7031
7032
7034
7035
7036
7037
7039
7044
7045
7047
7050
7051
7053
7055
7058
7059
7064
7066
7070
7074
7075
7080
7081
7082
7083
7089
7090
7091
7092
7094
7095
7097
7098
7099
7101
7104
7105
7106
7109
7111
7112
7114
7115
7116
7118
7120
7121
7122
7124
7126
7128
7132
7133
7135
7137
7139
7143
7148
7150
7151
7152
7154
7155
7156
7160
7162
7164
7165
7166
7171
7172
7173
7174
7178
7182
7186
7187
7189
7190
7195
7196
7200
7204
7205
7206
7207
7214
7215
7216
7217
7222
7224
7225
7226
7227
7229
7230
7231
7233
7235
7236
7237
7238
7240
7242
7247
7248
7252
7253
7254
7255
7256
7259
7260
7261
7264
7265
7266
7267
7270
7271
7272
7273
7274
7275
7277
7282
7283
7284
7288
7291
7293
7294
7297
7299
7301
7310
7311
7312
7313
7316
7317
7318
7320
7322
7326
7327
7331
7334
7337
7338
7339
7342
7349
7351
7352
7353
7355
7357
7358
7359
7361
7362
7363
7366
7368
7371
7372
7375
7376
7378
7379
7380
7383
7384
7386
7389
7392
7393
7402
7404
7405
7408
7409
7411
7415
7416
7417
7418
7419
7421
7422
7424
7426
7427
7428
7435
7437
7439
7442
7445
7447
7455
7457
7462
7466
7467
7469
7474
7475
7477
7479
7482
7485
7486
7487
7488
7491
7494
7495
7496
7497
7500
7501
7502
7506
7509
7510
7511
7514
7516
7517
7518
7519
7521
7523
7524
7528
7531
7536
7539
7540
7541
7545
7546
7547
7549
7552
7553
7557
7559
7560
7563
7564
7565
7566
7568
7571
7572
7576
7579
7580
7585
7586
7587
7594
7595
7597
7598
7599
