0
1
2
5
6
7
8
10
12
14
15
17
21
22
27
29
34
35
39
41
43
44
45
48
49
50
51
53
55
56
57
58
61
62
66
68
69
73
75
76
78
79
80
81
83
84
86
89
91
94
95
97
102
106
107
108
112
118
120
121
123
125
127
128
129
130
133
134
138
140
141
142
149
150
151
153
156
157
158
161
162
163
165
169
170
172
173
176
180
182
183
184
185
187
192
198
199
200
202
205
207
209
211
212
215
216
217
222
223
224
225
226
227
228
229
230
234
235
237
238
239
242
243
244
247
248
249
251
252
253
254
255
258
259
260
266
272
276
281
285
286
288
289
290
291
292
293
294
297
301
302
304
308
318
319
321
324
325
326
328
329
331
333
334
336
338
341
344
347
350
351
352
356
357
358
359
360
362
367
369
372
377
378
385
386
389
390
394
395
396
398
400
403
405
406
408
410
413
419
423
429
430
433
434
435
440
443
445
446
447
449
450
452
453
454
455
456
458
460
462
464
468
469
475
478
481
483
484
485
487
488
491
494
495
496
498
503
507
511
512
516
517
519
522
525
527
531
532
533
534
535
536
538
541
543
544
545
546
548
550
551
556
557
560
563
565
568
569
572
577
578
580
581
583
584
586
589
590
591
592
594
595
596
598
603
607
608
611
616
618
622
624
626
627
630
631
632
633
634
636
638
640
642
645
656
658
659
660
665
666
668
670
671
672
673
676
679
680
681
684
686
688
692
695
697
698
699
701
703
706
707
709
710
713
715
718
719
722
724
730
732
734
735
736
739
740
741
748
749
750
753
754
755
758
762
764
766
767
772
773
774
775
776
777
778
779
782
783
786
787
788
789
790
794
796
802
810
811
812
813
820
822
825
826
827
830
832
834
835
839
840
843
851
853
866
867
868
871
873
874
876
877
878
879
882
883
884
892
896
900
903
905
908
909
910
911
912
913
914
915
916
917
919
921
922
923
926
927
928
930
932
934
936
938
940
942
943
944
945
946
947
948
950
951
957
958
959
962
963
965
966
969
970
971
974
977
981
983
985
986
989
991
996
997
999
1000
1005
1006
1008
1010
1011
1012
1015
1018
1019
1020
1021
1024
1026
1027
1028
1030
1033
1035
1036
1040
1043
1046
1047
1050
1054
1055
1056
1057
1060
1061
1062
1072
1073
1074
1075
1077
1079
1080
1082
1083
1090
1092
1098
1099
1100
1102
1104
1105
1106
1108
1109
1110
1112
1113
1114
1115
1116
1119
1121
1122
1125
1127
1128
1129
1130
1131
1133
1138
1139
1141
1142
1143
1144
1146
1147
1148
1149
1150
1156
1158
1159
1160
1161
1165
1167
1169
1170
1171
1172
1173
1175
1177
1180
1182
1183
1184
1186
1191
1192
1193
1194
1197
1198
1199
1200
1208
1210
1211
1215
1216
1217
1218
1221
1222
1223
1226
1227
1229
1230
1231
1232
1233
1234
1239
1241
1242
1244
1246
1247
1251
1254
1255
1257
1262
1263
1264
1265
1266
1268
1270
1273
1278
1279
1284
1285
1287
1288
1290
1291
1292
1295
1297
1298
1300
1302
1303
1304
1305
1309
1310
1311
1312
1313
1314
1315
1317
1325
1327
1330
1331
1334
1336
1337
1339
1340
1347
1348
1350
1352
1353
1354
1356
1358
1360
1362
1363
1364
1365
1366
1367
1368
1370
1371
1372
1373
1375
1381
1383
1384
1385
1392
1393
1395
1398
1400
1401
1402
1407
1409
1410
1411
1412
1413
1414
1415
1419
1420
1421
1424
1427
1430
1431
1432
1434
1435
1438
1442
1443
1446
1449
1450
1451
1455
1460
1462
1463
1464
1465
1468
1474
1479
1481
1483
1484
1487
1497
1498
1499
1500
1501
1502
1503
1504
1506
1508
1511
1512
1514
1515
1517
1519
1523
1524
1526
1527
1528
1536
1538
1541
1544
1546
1550
1555
1556
1557
1558
1561
1562
1563
1565
1567
1568
1569
1571
1572
1574
1575
1578
1579
1580
1581
1583
1584
1587
1589
1591
1594
1600
1602
1603
1604
1610
1612
1616
1617
1619
1621
1622
1623
1626
1628
1630
1631
1632
1634
1635
1636
1637
1641
1644
1649
1650
1652
1654
1655
1658
1659
1662
1663
1665
1666
1668
1669
1670
1671
1672
1673
1674
1675
1678
1679
1680
1688
1689
1690
1691
1693
1694
1695
1696
1700
1709
1714
1715
1718
1720
1721
1722
1724
1725
1728
1731
1732
1734
1738
1740
1742
1743
1744
1747
1749
1750
1754
1756
1757
1758
1759
1762
1764
1766
1769
1770
1771
1773
1774
1775
1779
1781
1782
1783
1784
1785
1786
1792
1793
1797
1798
1802
1803
1804
1806
1809
1813
1814
1817
1819
1820
1823
1824
1826
1827
1833
1834
1838
1840
1841
1850
1852
1856
1860
1861
1862
1865
1866
1867
1869
1875
1876
1878
1880
1885
1888
1889
1891
1892
1898
1899
1900
1901
1906
1908
1910
1914
1915
1916
1918
1919
1920
1928
1932
1934
1935
1942
1943
1944
1946
1949
1956
1957
1960
1961
1962
1964
1965
1967
1968
1970
1971
1973
1974
1976
1977
1979
1981
1982
1983
1984
1986
1987
1988
1990
1991
1993
1994
1995
1996
1997
2000
2002
2003
2005
2008
2012
2016
2022
2023
2025
2029
2031
2033
2035
2044
2048
2050
2051
2052
2053
2054
2058
2061
2064
2065
2070
2072
2074
2075
2077
2082
2083
2084
2087
2089
2091
2093
2094
2095
2096
2097
2098
2100
2103
2104
2106
2107
2112
2114
2115
2116
2121
2122
2123
2124
2130
2133
2137
2139
2140
2141
2144
2146
2147
2148
2153
2155
2157
2158
2160
2162
2163
2164
2165
2168
2170
2172
2173
2177
2179
2180
2185
2190
2193
2196
2199
2202
2203
2204
2205
2206
2207
2208
2209
2211
2212
2214
2220
2221
2224
2225
2227
2229
2230
2232
2233
2234
2242
2243
2244
2245
2246
2248
2249
2252
2253
2254
2255
2256
2258
2259
2260
2263
2264
2265
2267
2269
2270
2272
2273
2274
2275
2278
2279
2280
2283
2285
2287
2288
2290
2292
2295
2296
2297
2301
2303
2305
2306
2307
2309
2310
2312
2318
2319
2320
2322
2323
2326
2328
2329
2330
2331
2332
2335
2339
2343
2345
2346
2347
2351
2352
2354
2356
2357
2360
2361
2368
2369
2370
2373
2374
2376
2377
2378
2379
2384
2385
2386
2388
2389
2391
2392
2393
2394
2396
2397
2399
2402
2403
2407
2408
2410
2412
2413
2414
2416
2419
2420
2424
2425
2430
2435
2436
2437
2438
2439
2440
2442
2443
2449
2450
2452
2453
2459
2461
2462
2466
2468
2469
2470
2471
2472
2473
2474
2475
2477
2479
2480
2482
2484
2487
2491
2492
2493
2494
2497
2499
2502
2504
2505
2508
2510
2512
2516
2517
2519
2522
2523
2524
2528
2530
2531
2533
2537
2539
2540
2541
2542
2543
2544
2545
2546
2551
2552
2555
2556
2558
2561
2565
2567
2570
2571
2576
2577
2580
2581
2582
2584
2586
2588
2590
2594
2596
2597
2598
2599
2600
2601
2605
2608
2609
2613
2619
2620
2624
2628
2633
2634
2635
2640
2641
2642
2643
2644
2646
2648
2650
2651
2653
2655
2656
2657
2658
2661
2662
2664
2669
2671
2674
2679
2681
2684
2685
2688
2691
2698
2700
2702
2706
2708
2709
2714
2717
2719
2720
2721
2722
2725
2728
2732
2735
2736
2739
2740
2746
2747
2749
2753
2756
2759
2761
2763
2764
2765
2766
2768
2771
2774
2776
2785
2786
2787
2789
2790
2793
2794
2796
2797
2799
2800
2801
2803
2805
2808
2810
2814
2818
2819
2820
2822
2823
2825
2827
2828
2829
2835
2836
2837
2838
2839
2840
2843
2844
2848
2849
2850
2852
2854
2856
2857
2859
2860
2861
2863
2864
2865
2869
2870
2872
2873
2875
2878
2880
2881
2882
2884
2885
2886
2889
2890
2893
2895
2896
2898
2901
2905
2906
2908
2909
2912
2913
2914
2915
2916
2918
2919
2921
2923
2925
2929
2931
2932
2934
2937
2938
2939
2940
2943
2944
2945
2947
2949
2951
2952
2957
2962
2963
2964
2969
2970
2976
2980
2982
2983
2985
2986
2987
2991
2995
3000
3002
3003
3004
3005
3006
3007
3008
3010
3013
3014
3015
3017
3019
3021
3023
3025
3026
3027
3028
3031
3032
3035
3036
3038
3039
3042
3043
3050
3051
3052
3055
3056
3057
3058
3059
3060
3061
3062
3063
3065
3071
3072
3075
3077
3078
3079
3084
3085
3087
3088
3092
3095
3096
3099
3101
3103
3105
3108
3109
3114
3115
3118
3119
3121
3122
3123
3124
3126
3128
3129
3131
3134
3135
3136
3137
3138
3142
3143
3147
3148
3154
3156
3157
3158
3161
3165
3166
3168
3169
3173
3174
3175
3176
3177
3178
3179
3180
3182
3184
3186
3187
3188
3189
3190
3191
3193
3194
3195
3199
3205
3208
3209
3211
3213
3214
3217
3218
3222
3224
3225
3233
3234
3235
3236
3237
3242
3243
3244
3246
3247
3248
3252
3253
3255
3256
3263
3267
3268
3270
3272
3273
3275
3277
3280
3281
3284
3285
3288
3290
3292
3293
3296
3297
3298
3299
3302
3303
3304
3307
3309
3312
3315
3320
3322
3324
3328
3329
3330
3331
3332
3335
3337
3338
3340
3341
3343
3345
3346
3348
3349
3350
3351
3358
3360
3365
3368
3371
3372
3374
3377
3380
3381
3383
3386
3389
3391
3392
3394
3396
3397
3399
3404
3406
3408
3412
3413
3414
3417
3419
3421
3423
3425
3426
3428
3431
3432
3433
3437
3438
3439
3441
3444
3447
3451
3453
3454
3455
3459
3463
3464
3469
3473
3477
3481
3483
3485
3488
3490
3493
3494
3498
3505
3513
3514
3517
3518
3519
3520
3521
3523
3527
3529
3530
3532
3533
3535
3536
3537
3538
3539
3541
3542
3543
3544
3547
3548
3549
3554
3555
3558
3560
3561
3567
3568
3569
3570
3572
3575
3576
3579
3580
3581
3582
3586
3587
3588
3589
3591
3593
3594
3596
3597
3598
3599
3601
3602
3608
3609
3610
3615
3618
3621
3623
3624
3626
3627
3628
3630
3632
3634
3636
3637
3638
3643
3646
3652
3654
3655
3656
3657
3659
3660
3664
3665
3668
3670
3672
3674
3675
3677
3678
3680
3681
3682
3685
3687
3693
3699
3704
3706
3707
3708
3709
3711
3713
3714
3717
3720
3722
3723
3729
3737
3739
3742
3747
3749
3753
3754
3756
3764
3766
3768
3772
3773
3775
3778
3780
3781
3782
3784
3785
3786
3787
3788
3789
3790
3791
3792
3793
3795
3796
3797
3799
3803
3805
3807
3810
3812
3813
3814
3815
3817
3818
3819
3821
3822
3824
3827
3831
3834
3835
3837
3838
3839
3844
3846
3852
3854
3858
3859
3865
3866
3868
3872
3873
3875
3877
3884
3889
3894
3895
3898
3902
3903
3905
3906
3912
3913
3914
3915
3916
3918
3919
3924
3930
3931
3934
3936
3940
3941
3942
3944
3947
3949
3950
3951
3954
3957
3962
3964
3966
3967
3970
3972
3974
3975
3976
3977
3980
3981
3982
3987
3989
3993
3995
3998
3999
4001
4002
4003
4004
4007
4008
4015
4016
4018
4024
4025
4027
4029
4030
4034
4036
4037
4042
4046
4050
4052
4055
4059
4060
4062
4063
4064
4066
4069
4071
4073
4074
4075
4076
4080
4081
4083
4085
4091
4093
4097
4098
4099
4100
4106
4109
4111
4112
4116
4118
4119
4120
4121
4125
4126
4129
4130
4132
4133
4136
4137
4140
4146
4151
4154
4155
4157
4158
4161
4163
4165
4166
4167
4170
4171
4173
4174
4176
4179
4185
4187
4188
4189
4190
4193
4195
4196
4198
4201
4202
4203
4204
4205
4206
4207
4209
4210
4211
4212
4214
4215
4216
4218
4219
4221
4223
4225
4229
4231
4232
4235
4237
4238
4239
4240
4243
4249
4253
4255
4256
4257
4258
4259
4260
4262
4264
4265
4267
4268
4269
4271
4273
4274
4278
4281
4282
4284
4285
4287
4288
4289
4291
4292
4293
4294
4295
4299
4300
4301
4304
4306
4308
4312
4313
4316
4317
4322
4323
4327
4330
4332
4334
4335
4336
4339
4341
4343
4346
4348
4349
4350
4351
4352
4354
4356
4358
4362
4364
4366
4367
4369
4372
4373
4374
4377
4378
4379
4380
4381
4382
4383
4384
4387
4389
4394
4398
4399
4403
4406
4407
4408
4409
4412
4415
4416
4418
4420
4422
4426
4427
4429
4431
4432
4433
4434
4437
4438
4439
4440
4441
4443
4447
4449
4454
4456
4457
4459
4460
4465
4469
4470
4473
4476
4478
4480
4481
4483
4484
4485
4487
4488
4490
4491
4495
4496
4507
4509
4511
4512
4513
4514
4515
4516
4518
4519
4523
4525
4527
4528
4530
4531
4532
4535
4536
4540
4541
4542
4543
4546
4548
4551
4554
4555
4557
4560
4562
4563
4564
4565
4569
4573
4580
4585
4586
4588
4589
4594
4595
4599
4600
4602
4603
4604
4605
4608
4613
4617
4619
4620
4622
4623
4628
4629
4631
4632
4634
4636
4637
4638
4642
4644
4645
4648
4650
4652
4653
4654
4655
4662
4663
4664
4667
4669
4670
4671
4675
4676
4677
4679
4681
4682
4683
4690
4692
4695
4696
4699
4701
4702
4703
4705
4706
4708
4709
4710
4712
4713
4714
4719
4720
4722
4724
4725
4727
4728
4730
4731
4732
4733
4735
4736
4737
4738
4740
4741
4742
4748
4749
4750
4751
4754
4755
4756
4757
4759
4760
4763
4765
4766
4767
4768
4770
4772
4777
4779
4780
4782
4784
4787
4788
4789
4791
4792
4793
4794
4796
4798
4799
4801
4805
4806
4807
4808
4810
4811
4813
4814
4815
4816
4817
4820
4822
4825
4827
4830
4831
4832
4838
4839
4847
4848
4851
4852
4853
4855
4856
4857
4858
4860
4861
4862
4864
4870
4873
4877
4878
4879
4882
4884
4885
4886
4887
4888
4889
4891
4893
4894
4898
4903
4905
4906
4908
4910
4912
4913
4914
4916
4918
4922
4927
4928
4929
4931
4932
4936
4939
4940
4942
4943
4946
4947
4949
4952
4954
4957
4960
4966
4967
4968
4971
4972
4977
4978
4979
4980
4987
4988
4990
4992
4995
4997
4998
5001
5003
5004
5005
5009
5011
5013
5014
5021
5027
5029
5031
5032
5035
5037
5038
5039
5042
5043
5044
5046
5050
5052
5053
5054
5055
5056
5057
5058
5060
5061
5063
5064
5065
5068
5069
5071
5072
5075
5076
5078
5079
5080
5081
5086
5087
5088
5089
5094
5097
5098
5100
5103
5104
5105
5106
5108
5109
5113
5114
5115
5116
5121
5124
5126
5130
5131
5132
5139
5144
5145
5147
5152
5154
5155
5156
5157
5158
5159
5160
5161
5163
5164
5165
5168
5173
5175
5176
5180
5182
5184
5186
5188
5189
5190
5192
5193
5194
5199
5202
5203
5204
5206
5208
5210
5211
5212
5214
5215
5216
5222
5223
5225
5226
5230
5231
5233
5234
5235
5236
5239
5241
5242
5244
5247
5249
5250
5253
5254
5255
5256
5258
5259
5265
5266
5267
5268
5270
5273
5274
5281
5282
5283
5284
5285
5286
5287
5288
5289
5290
5293
5294
5299
5301
5302
5304
5308
5312
5314
5316
5318
5320
5323
5325
5328
5330
5331
5333
5335
5337
5341
5342
5343
5347
5348
5349
5350
5351
5354
5355
5356
5358
5360
5362
5363
5370
5371
5376
5381
5387
5388
5389
5390
5391
5392
5394
5395
5397
5398
5400
5404
5405
5407
5409
5411
5412
5414
5415
5416
5420
5422
5423
5425
5426
5430
5434
5436
5442
5444
5446
5447
5448
5449
5451
5454
5457
5460
5461
5463
5466
5468
5469
5470
5473
5474
5477
5482
5484
5485
5488
5490
5491
5494
5495
5496
5497
5499
5500
5503
5504
5505
5507
5510
5513
5514
5515
5516
5522
5523
5524
5527
5528
5530
5535
5536
5537
5539
5540
5541
5542
5543
5544
5545
5546
5550
5552
5553
5556
5557
5561
5564
5565
5568
5569
5572
5573
5574
5576
5582
5584
5585
5588
5591
5592
5593
5595
5596
5597
5599
5600
5604
5605
5608
5609
5610
5612
5613
5614
5619
5623
5624
5625
5628
5630
5631
5634
5636
5641
5643
5646
5653
5654
5655
5656
5657
5659
5660
5661
5662
5663
5664
5665
5667
5672
5674
5675
5678
5683
5686
5688
5690
5692
5697
5700
5701
5702
5703
5704
5707
5708
5709
5710
5712
5713
5714
5715
5716
5717
5719
5722
5724
5725
5727
5728
5729
5731
5732
5734
5735
5736
5738
5740
5742
5743
5748
5749
5752
5754
5756
5757
5761
5762
5763
5765
5768
5770
5771
5772
5773
5777
5779
5787
5790
5791
5794
5797
5799
5800
5802
5807
5811
5812
5814
5817
5819
5822
5823
5824
5825
5826
5830
5834
5835
5836
5839
5841
5842
5843
5844
5845
5846
5848
5849
5851
5852
5857
5858
5859
5865
5869
5873
5876
5878
5879
5880
5881
5882
5883
5884
5886
5889
5892
5896
5898
5899
5900
5902
5904
5909
5910
5917
5921
5923
5924
5926
5929
5930
5934
5935
5936
5937
5938
5939
5946
5947
5948
5951
5952
5953
5959
5960
5961
5963
5964
5968
5969
5971
5977
5978
5981
5982
5983
5987
5989
5990
5991
5992
5993
5995
5996
5998
6000
6003
6004
6005
6006
6009
6010
6011
6013
6015
6019
6023
6024
6026
6030
6037
6038
6039
6045
6046
6048
6052
6054
6055
6056
6057
6058
6059
6065
6066
6067
6069
6073
6074
6075
6076
6077
6079
6080
6081
6083
6084
6087
6088
6089
6090
6093
6094
6095
6097
6098
6106
6108
6112
6113
6115
6117
6120
6122
6127
6129
6130
6131
6134
6136
6139
6141
6143
6144
6146
6147
6148
6149
6150
6151
6153
6154
6155
6156
6157
6160
6162
6163
6165
6166
6167
6171
6174
6175
6177
6179
6181
6183
6184
6185
6186
6190
6193
6195
6196
6199
6201
6206
6207
6210
6212
6215
6217
6221
6226
6227
6228
6231
6232
6233
6236
6237
6238
6239
6241
6242
6243
6247
6249
6257
6261
6262
6263
6264
6266
6267
6271
6272
6273
6277
6280
6283
6284
6290
6292
6297
6298
6299
6300
6302
6303
6306
6310
6318
6322
6323
6326
6330
6331
6332
6335
6337
6338
6339
6345
6346
6347
6349
6350
6352
6356
6358
6363
6365
6367
6373
6374
6375
6376
6377
6381
6384
6385
6387
6388
6390
6391
6392
6393
6394
6397
6398
6399
6400
6401
6402
6405
6407
6409
6411
6412
6414
6419
6421
6426
6431
6434
6435
6436
6437
6438
6441
6442
6445
6446
6448
6450
6452
6454
6455
6456
6457
6460
6462
6463
6464
6465
6470
6471
6472
6473
6479
6488
6491
6494
6495
6496
6500
6504
6505
6507
6508
6511
6512
6515
6516
6517
6518
6520
6523
6528
6530
6532
6538
6539
6540
6542
6543
6545
6546
6547
6549
6553
6555
6556
6557
6559
6562
6564
6566
6571
6572
6574
6577
6579
6582
6584
6585
6587
6591
6595
6597
6605
6607
6608
6613
6614
6615
6616
6618
6619
6624
6625
6626
6629
6631
6634
6635
6637
6640
6642
6643
6647
6651
6655
6656
6657
6659
6661
6664
6666
6667
6669
6670
6671
6672
6674
6680
6681
6685
6686
6688
6691
6692
6693
6698
6699
6700
6705
6706
6709
6711
6712
6713
6716
6720
6721
6722
6730
6731
6733
6735
6738
6742
6743
6744
6747
6749
6754
6755
6757
6758
6760
6761
6762
6763
6769
6770
6773
6774
6776
6777
6779
6781
6786
6787
6788
6791
6792
6793
6794
6797
6800
6803
6808
6810
6811
6813
6814
6816
6817
6818
6819
6824
6825
6826
6827
6828
6829
6832
6837
6839
6841
6842
6844
6848
6849
6850
6851
6855
6856
6859
6860
6864
6866
6867
6869
6870
6871
6872
6875
6876
6877
6878
6881
6882
6883
6887
6890
6891
6893
6895
6897
6900
6901
6906
6907
6912
6916
6917
6920
6922
6924
6925
6928
6930
6931
6933
6936
6937
6938
6945
6948
6951
6955
6956
6960
6961
6962
6964
6967
6969
6973
6974
6975
6976
6978
6979
6981
6982
6985
6988
6990
6994
7000
7002
7003
7005
7006
7009
7015
7017
7018
7023
7025
7027
7029
7030
7032
7034
7036
7038
7041
7044
7045
7047
7048
7050
7053
7054
7055
7056
7057
7063
7064
7066
7069
7071
7074
7075
7076
7077
7079
7080
7082
7083
7085
7088
7090
7094
7098
7099
7102
7105
7106
7107
7108
7111
7112
7113
7114
7116
7118
7119
7121
7123
7125
7127
7128
7129
7131
7132
7134
7135
7137
7141
7142
7144
7145
7147
7148
7153
7155
7157
7159
7161
7163
7168
7169
7172
7180
7183
7185
7187
7188
7190
7195
7196
7198
7199
7200
7203
7205
7207
7209
7211
7212
7217
7218
7219
7221
7223
7225
7227
7228
7230
7231
7233
7234
7235
7237
7239
7242
7243
7244
7249
7250
7254
7255
7257
7258
7259
7263
7264
7266
7271
7273
7274
7279
7280
7281
7282
7283
7284
7286
7288
7291
7294
7295
7298
7299
7301
7304
7305
7306
7307
7312
7316
7318
7320
7321
7323
7324
7325
7329
7331
7332
7333
7334
7338
7339
7341
7342
7343
7346
7347
7348
7349
7353
7354
7355
7356
7357
7358
7359
7365
7366
7371
7373
7374
7375
7376
7378
7379
7380
7381
7382
7384
7386
7387
7390
7392
7395
7396
7397
7398
7403
7404
7405
7406
7407
7408
7412
7415
7416
7425
7427
7430
7431
7433
7434
7435
7436
7437
7439
7441
7443
7445
7446
7448
7450
7453
7457
7458
7459
7461
7462
7463
7466
7468
7469
7470
7471
7473
7476
7479
7481
7485
7488
7489
7492
7494
7496
7497
7500
7504
7506
7507
7508
7510
7513
7515
7517
7518
7521
7523
7527
7529
7530
7532
7534
7536
7537
7540
7541
7543
7544
7551
7554
7555
7556
7559
7560
7561
7562
7563
7566
7567
7569
7570
7574
7575
7576
7577
7578
7579
7580
7581
7582
7584
7585
7587
7588
7590
7591
7592
7593
7595
7597
7598
