0
3
5
6
8
9
10
11
12
13
15
16
18
20
21
23
24
26
30
31
33
34
36
37
41
42
43
44
45
51
55
56
60
62
63
68
69
70
71
76
82
83
84
86
89
90
91
94
95
98
102
104
106
107
108
114
120
123
126
127
129
130
132
136
138
140
141
142
143
145
146
148
149
150
153
155
157
159
160
161
162
163
164
168
175
182
183
187
189
194
196
197
198
200
204
206
207
210
211
213
215
218
220
222
224
226
230
232
235
240
243
248
249
250
255
257
258
261
262
264
268
270
272
275
276
277
279
280
283
284
286
287
290
291
296
299
300
301
302
303
305
315
317
319
320
322
323
326
327
329
330
335
336
338
340
341
344
347
348
350
357
360
361
362
363
365
366
367
373
374
377
378
380
382
383
386
388
389
390
391
392
399
401
404
405
408
412
414
415
416
417
420
421
426
428
429
435
438
440
441
446
450
451
452
454
456
457
459
460
463
464
466
470
473
476
479
480
481
482
484
487
490
491
492
494
495
502
503
505
506
507
508
509
511
512
515
516
523
525
526
530
531
532
536
537
540
541
544
547
548
549
551
553
555
556
557
560
562
568
569
570
571
572
573
583
586
587
588
589
590
591
592
593
595
597
601
604
608
609
612
614
617
619
620
622
624
625
627
628
629
631
632
633
634
635
636
638
642
643
645
646
652
653
654
660
663
664
665
668
675
677
680
683
684
686
687
688
692
699
700
701
703
705
707
708
710
712
714
715
717
720
722
723
730
731
732
738
741
748
749
751
752
754
755
758
761
762
764
765
767
768
769
772
773
774
775
779
780
782
784
789
791
794
795
796
797
799
802
803
806
808
809
811
812
814
815
817
818
819
821
824
827
830
831
834
835
836
838
841
846
847
851
852
853
855
856
859
861
864
865
867
869
870
872
874
876
877
881
883
885
887
888
889
890
895
898
899
901
902
903
907
908
911
914
915
918
920
922
926
928
929
931
936
940
941
942
943
947
948
952
953
956
957
959
961
964
965
966
967
968
969
970
971
972
975
978
979
981
983
993
997
998
1003
1004
1005
1006
1008
1009
1010
1011
1012
1013
1019
1022
1024
1025
1026
1027
1029
1030
1031
1032
1038
1039
1040
1041
1047
1048
1055
1061
1062
1063
1069
1070
1074
1075
1077
1079
1081
1082
1084
1085
1086
1087
1088
1095
1096
1097
1098
1100
1103
1104
1106
1107
1108
1110
1119
1121
1123
1126
1127
1132
1134
1136
1137
1140
1141
1146
1147
1149
1150
1151
1159
1161
1163
1164
1169
1170
1174
1176
1178
1179
1180
1181
1184
1190
1192
1194
1196
1205
1208
1209
1210
1211
1212
1213
1215
1217
1224
1225
1226
1227
1231
1232
1233
1237
1239
1240
1242
1243
1244
1247
1248
1249
1254
1255
1256
1257
1258
1259
1261
1263
1264
1265
1267
1273
1277
1278
1279
1280
1286
1288
1289
1294
1296
1297
1298
1299
1300
1301
1308
1313
1316
1317
1321
1324
1326
1329
1330
1332
1338
1339
1340
1341
1342
1343
1344
1345
1347
1348
1355
1356
1359
1360
1361
1362
1363
1365
1366
1367
1373
1376
1381
1391
1392
1394
1396
1399
1402
1403
1405
1407
1410
1412
1415
1416
1417
1418
1420
1424
1425
1426
1427
1428
1430
1434
1436
1441
1445
1446
1448
1453
1454
1456
1458
1460
1462
1463
1467
1468
1470
1471
1472
1473
1474
1475
1476
1478
1479
1484
1486
1488
1491
1496
1501
1502
1507
1508
1511
1512
1525
1528
1529
1530
1531
1534
1535
1536
1537
1538
1539
1540
1542
1543
1544
1545
1548
1549
1551
1553
1555
1558
1561
1562
1565
1568
1571
1572
1574
1575
1577
1578
1584
1587
1590
1592
1597
1599
1600
1605
1606
1607
1610
1611
1613
1614
1619
1622
1623
1624
1627
1628
1630
1631
1632
1634
1635
1636
1637
1642
1645
1647
1650
1653
1655
1656
1660
1662
1669
1670
1673
1678
1680
1681
1682
1687
1693
1702
1703
1704
1705
1708
1709
1711
1713
1715
1718
1719
1720
1728
1730
1731
1733
1734
1735
1736
1737
1739
1740
1742
1743
1744
1745
1746
1750
1751
1754
1756
1759
1761
1762
1763
1764
1766
1768
1769
1770
1772
1774
1779
1782
1783
1785
1786
1787
1788
1793
1797
1800
1803
1804
1810
1811
1812
1813
1815
1816
1824
1826
1827
1830
1832
1834
1835
1836
1841
1842
1843
1844
1845
1846
1847
1848
1852
1855
1857
1858
1860
1863
1865
1866
1869
1870
1871
1872
1875
1877
1878
1880
1881
1884
1886
1888
1889
1890
1891
1893
1895
1898
1899
1904
1906
1907
1909
1910
1912
1913
1915
1916
1917
1918
1926
1927
1930
1932
1935
1936
1937
1942
1943
1944
1950
1955
1956
1958
1959
1960
1961
1962
1963
1964
1965
1966
1967
1968
1969
1970
1972
1973
1974
1975
1978
1979
1980
1981
1982
1983
1984
1985
1987
1990
1991
1992
1993
1994
1998
1999
2000
2001
2003
2005
2006
2007
2009
2011
2012
2013
2017
2020
2021
2023
2028
2029
2031
2032
2033
2034
2035
2040
2045
2048
2052
2053
2054
2055
2056
2057
2058
2063
2064
2066
2067
2069
2070
2071
2077
2078
2080
2083
2084
2085
2087
2088
2089
2092
2094
2095
2096
2097
2098
2099
2101
2103
2104
2108
2109
2110
2115
2117
2119
2120
2122
2124
2125
2126
2128
2129
2130
2133
2134
2135
2138
2140
2142
2144
2146
2147
2148
2149
2152
2153
2155
2160
2161
2163
2164
2165
2168
2169
2170
2171
2172
2174
2175
2177
2178
2179
2182
2183
2187
2188
2189
2190
2191
2194
2200
2202
2203
2206
2207
2210
2214
2216
2219
2220
2221
2222
2226
2229
2233
2235
2239
2241
2245
2246
2247
2248
2249
2250
2252
2253
2254
2255
2259
2261
2266
2268
2269
2270
2274
2275
2276
2277
2278
2280
2281
2284
2287
2288
2291
2292
2295
2296
2297
2299
2300
2304
2306
2308
2311
2312
2319
2326
2327
2328
2329
2332
2333
2335
2336
2337
2338
2341
2342
2344
2346
2347
2348
2349
2350
2352
2356
2357
2361
2362
2363
2364
2365
2367
2369
2374
2375
2377
2381
2383
2384
2386
2387
2392
2393
2394
2395
2397
2400
2403
2405
2406
2408
2409
2410
2413
2414
2416
2419
2423
2424
2426
2427
2428
2429
2431
2432
2434
2435
2438
2439
2443
2449
2454
2455
2456
2457
2459
2461
2463
2464
2467
2473
2477
2478
2480
2481
2482
2485
2486
2487
2488
2489
2492
2493
2494
2495
2497
2499
2500
2504
2506
2507
2509
2513
2515
2517
2518
2521
2525
2528
2532
2533
2534
2536
2537
2538
2540
2543
2545
2547
2548
2549
2560
2562
2563
2564
2565
2567
2569
2571
2572
2575
2576
2578
2580
2581
2585
2586
2587
2589
2590
2592
2595
2599
2600
2602
2606
2607
2608
2610
2612
2613
2616
2617
2619
2621
2622
2623
2624
2629
2630
2631
2632
2633
2635
2638
2641
2642
2655
2657
2658
2659
2660
2661
2664
2665
2667
2668
2669
2670
2672
2674
2675
2676
2677
2680
2683
2684
2685
2686
2690
2691
2693
2694
2696
2699
2700
2701
2706
2710
2711
2713
2716
2717
2718
2720
2721
2723
2726
2727
2728
2733
2734
2735
2737
2738
2739
2741
2744
2747
2748
2751
2753
2754
2755
2756
2758
2759
2761
2763
2764
2767
2769
2771
2775
2777
2778
2779
2781
2783
2784
2787
2788
2790
2797
2801
2803
2806
2811
2812
2816
2818
2819
2823
2824
2825
2827
2829
2830
2833
2835
2836
2837
2838
2844
2846
2849
2850
2851
2855
2856
2871
2873
2880
2881
2882
2884
2885
2886
2887
2895
2896
2897
2898
2899
2902
2903
2905
2907
2909
2910
2911
2912
2913
2914
2915
2919
2920
2921
2924
2927
2930
2931
2932
2937
2940
2942
2943
2945
2948
2949
2950
2953
2954
2956
2957
2958
2960
2961
2964
2965
2968
2970
2971
2972
2973
2974
2976
2981
2983
2987
2988
2989
2995
2999
3000
3001
3003
3009
3016
3018
3019
3020
3024
3028
3030
3032
3033
3036
3039
3040
3042
3044
3045
3047
3051
3052
3053
3054
3056
3061
3062
3063
3068
3071
3072
3073
3074
3075
3078
3079
3080
3082
3086
3087
3089
3091
3092
3094
3096
3097
3098
3099
3100
3101
3104
3107
3109
3117
3118
3120
3121
3122
3124
3125
3130
3131
3132
3133
3135
3138
3140
3142
3147
3148
3150
3151
3152
3153
3154
3156
3162
3163
3165
3167
3169
3172
3174
3182
3184
3186
3189
3191
3194
3195
3197
3199
3200
3201
3203
3204
3210
3211
3212
3213
3215
3221
3223
3224
3226
3234
3241
3245
3246
3248
3249
3255
3257
3258
3259
3260
3261
3265
3267
3270
3271
3276
3279
3280
3281
3286
3287
3291
3295
3296
3302
3304
3306
3310
3314
3316
3319
3320
3322
3324
3325
3327
3331
3332
3333
3334
3336
3339
3342
3344
3345
3347
3349
3351
3352
3355
3356
3357
3360
3365
3366
3369
3370
3375
3377
3378
3379
3380
3381
3382
3384
3385
3386
3387
3389
3390
3394
3395
3398
3399
3400
3403
3407
3408
3411
3414
3415
3417
3423
3424
3425
3427
3433
3437
3438
3439
3443
3444
3448
3449
3450
3453
3455
3456
3461
3463
3464
3466
3467
3468
3469
3475
3479
3480
3483
3485
3487
3489
3490
3492
3493
3495
3496
3497
3498
3501
3502
3503
3508
3509
3511
3512
3516
3517
3518
3522
3525
3526
3527
3528
3530
3531
3533
3534
3535
3536
3537
3539
3541
3543
3544
3546
3548
3549
3550
3552
3556
3558
3560
3563
3568
3572
3574
3576
3577
3578
3583
3586
3587
3590
3591
3595
3596
3597
3599
3600
3602
3609
3610
3614
3616
3618
3619
3621
3622
3623
3625
3626
3628
3633
3636
3637
3639
3642
3644
3645
3646
3649
3659
3662
3663
3664
3666
3667
3668
3669
3670
3678
3679
3682
3686
3689
3691
3697
3700
3704
3706
3716
3719
3720
3722
3726
3728
3729
3730
3731
3732
3733
3734
3735
3741
3742
3746
3750
3751
3752
3754
3755
3758
3759
3761
3764
3768
3769
3775
3776
3779
3782
3785
3786
3787
3789
3790
3796
3798
3800
3803
3804
3805
3808
3810
3811
3812
3814
3818
3822
3824
3827
3828
3830
3833
3835
3837
3838
3839
3840
3841
3843
3844
3845
3846
3847
3848
3849
3853
3854
3855
3857
3859
3866
3868
3870
3874
3875
3876
3878
3880
3881
3884
3885
3887
3888
3889
3890
3892
3895
3897
3899
3903
3904
3906
3907
3908
3909
3914
3916
3917
3920
3922
3923
3924
3930
3931
3933
3934
3935
3936
3939
3941
3942
3945
3947
3953
3954
3958
3961
3963
3965
3967
3969
3970
3971
3972
3973
3974
3976
3977
3987
3990
3992
3995
3997
3998
4002
4004
4005
4007
4008
4010
4013
4015
4016
4019
4021
4029
4030
4031
4033
4037
4043
4044
4045
4047
4048
4051
4052
4057
4058
4060
4061
4065
4066
4068
4069
4074
4075
4076
4078
4080
4081
4083
4084
4085
4086
4087
4088
4091
4092
4097
4098
4099
4101
4106
4108
4109
4112
4118
4119
4121
4122
4124
4125
4129
4131
4132
4133
4136
4138
4140
4142
4143
4144
4145
4146
4150
4151
4155
4157
4162
4164
4165
4166
4167
4171
4172
4174
4177
4178
4179
4184
4187
4189
4193
4195
4197
4199
4203
4207
4208
4209
4210
4211
4212
4218
4220
4221
4223
4227
4229
4231
4232
4234
4236
4237
4238
4240
4245
4248
4250
4251
4254
4255
4257
4258
4259
4260
4262
4263
4264
4265
4266
4269
4270
4271
4272
4273
4275
4278
4279
4280
4281
4284
4292
4293
4298
4300
4301
4304
4305
4306
4307
4308
4309
4310
4311
4312
4313
4316
4318
4319
4320
4321
4326
4327
4329
4330
4333
4334
4338
4339
4340
4342
4346
4347
4348
4349
4350
4351
4352
4354
4356
4358
4359
4361
4364
4369
4371
4376
4377
4379
4381
4383
4385
4390
4391
4392
4396
4398
4401
4404
4407
4410
4411
4413
4414
4416
4419
4423
4425
4426
4432
4433
4434
4435
4439
4440
4442
4443
4445
4452
4453
4456
4457
4460
4461
4465
4469
4471
4473
4474
4478
4483
4484
4485
4487
4491
4492
4494
4495
4497
4498
4500
4502
4505
4506
4510
4511
4512
4513
4515
4517
4519
4520
4526
4528
4532
4533
4535
4536
4539
4540
4541
4542
4543
4544
4551
4554
4555
4556
4558
4559
4561
4566
4567
4568
4569
4572
4573
4580
4581
4584
4586
4588
4590
4591
4592
4595
4597
4598
4599
4601
4604
4605
4606
4607
4608
4609
4610
4615
4616
4617
4618
4621
4622
4624
4627
4628
4629
4631
4633
4634
4635
4637
4638
4642
4646
4649
4650
4652
4653
4654
4655
4656
4658
4659
4660
4661
4663
4664
4665
4666
4669
4670
4671
4675
4676
4679
4680
4682
4684
4687
4688
4690
4693
4697
4699
4702
4711
4716
4723
4729
4740
4744
4746
4747
4748
4750
4753
4757
4759
4761
4763
4765
4768
4774
4775
4776
4779
4783
4784
4785
4786
4789
4794
4795
4796
4801
4803
4804
4806
4808
4809
4812
4814
4815
4816
4818
4819
4823
4824
4827
4830
4836
4837
4839
4840
4841
4846
4847
4851
4853
4854
4855
4859
4860
4862
4863
4868
4869
4871
4873
4874
4875
4878
4879
4880
4882
4883
4885
4887
4888
4892
4895
4896
4897
4898
4901
4902
4904
4907
4908
4910
4912
4913
4914
4916
4920
4922
4926
4929
4930
4933
4937
4938
4939
4941
4942
4943
4944
4946
4947
4953
4954
4955
4956
4957
4958
4961
4962
4963
4964
4965
4968
4972
4973
4975
4977
4978
4979
4980
4981
4983
4985
4988
4990
4991
4992
4994
4995
4997
5002
5003
5005
5007
5008
5009
5011
5015
5017
5018
5020
5021
5022
5023
5024
5025
5029
5030
5031
5032
5033
5035
5037
5042
5043
5044
5050
5051
5052
5053
5055
5057
5062
5063
5064
5068
5070
5073
5076
5079
5082
5083
5087
5089
5091
5092
5095
5098
5099
5100
5101
5102
5107
5109
5110
5111
5114
5116
5118
5119
5121
5125
5127
5129
5134
5136
5137
5140
5145
5154
5159
5160
5162
5164
5165
5168
5170
5171
5175
5176
5177
5180
5182
5183
5184
5185
5186
5190
5192
5199
5202
5204
5205
5206
5207
5211
5212
5213
5218
5220
5221
5223
5224
5225
5228
5229
5230
5232
5233
5235
5237
5238
5239
5242
5245
5246
5250
5252
5253
5255
5256
5257
5259
5260
5261
5268
5270
5271
5273
5280
5282
5283
5285
5287
5288
5289
5292
5293
5295
5296
5298
5299
5301
5302
5304
5305
5306
5307
5310
5311
5316
5318
5319
5320
5322
5325
5327
5328
5330
5331
5332
5333
5335
5338
5340
5341
5345
5346
5350
5352
5353
5355
5356
5358
5360
5361
5362
5363
5366
5367
5368
5369
5371
5375
5377
5379
5380
5383
5384
5386
5387
5390
5391
5393
5398
5399
5409
5412
5414
5415
5417
5418
5419
5420
5424
5425
5426
5429
5431
5432
5433
5437
5440
5444
5446
5447
5449
5451
5452
5453
5456
5458
5459
5461
5462
5463
5464
5467
5468
5469
5471
5472
5473
5474
5475
5478
5479
5480
5482
5485
5487
5491
5495
5496
5497
5498
5499
5500
5501
5503
5505
5511
5512
5514
5515
5517
5518
5519
5520
5523
5524
5526
5530
5531
5532
5533
5534
5535
5539
5540
5541
5543
5546
5548
5549
5552
5553
5554
5555
5557
5559
5561
5568
5569
5571
5573
5575
5577
5578
5581
5584
5585
5587
5588
5589
5592
5594
5597
5598
5601
5602
5604
5607
5610
5613
5614
5615
5616
5617
5623
5628
5629
5630
5631
5632
5633
5634
5635
5637
5638
5640
5642
5643
5644
5645
5647
5649
5654
5655
5656
5658
5659
5660
5664
5672
5674
5675
5676
5679
5681
5682
5684
5686
5687
5688
5695
5696
5697
5698
5699
5703
5705
5706
5711
5712
5714
5717
5719
5722
5726
5728
5729
5730
5731
5732
5733
5737
5738
5739
5742
5743
5748
5749
5753
5754
5755
5761
5762
5764
5765
5767
5768
5770
5772
5773
5779
5780
5782
5783
5784
5785
5787
5789
5792
5798
5799
5800
5802
5804
5805
5806
5811
5812
5815
5817
5818
5821
5822
5825
5826
5828
5829
5830
5832
5835
5838
5840
5841
5842
5843
5846
5847
5848
5850
5851
5852
5854
5855
5857
5858
5860
5861
5862
5863
5866
5871
5877
5879
5880
5882
5883
5886
5887
5888
5889
5890
5891
5894
5897
5900
5901
5903
5904
5906
5907
5910
5912
5914
5915
5916
5917
5920
5921
5923
5925
5927
5928
5932
5933
5935
5937
5939
5943
5945
5952
5953
5954
5955
5957
5958
5960
5962
5963
5965
5967
5969
5972
5976
5977
5979
5980
5981
5984
5985
5986
5989
5991
5992
5995
5997
5998
5999
6000
6002
6004
6006
6007
6008
6014
6015
6018
6020
6021
6022
6023
6024
6025
6027
6028
6036
6037
6040
6042
6044
6045
6046
6048
6051
6052
6054
6059
6060
6061
6062
6064
6069
6070
6071
6072
6074
6079
6080
6081
6082
6083
6084
6085
6086
6087
6091
6092
6093
6095
6096
6097
6099
6100
6101
6104
6107
6113
6114
6115
6118
6119
6121
6122
6124
6126
6132
6134
6135
6136
6138
6139
6141
6142
6144
6147
6150
6152
6158
6159
6160
6163
6164
6165
6166
6167
6168
6171
6173
6174
6176
6179
6180
6181
6182
6183
6188
6190
6193
6194
6195
6202
6203
6208
6209
6211
6213
6214
6215
6219
6224
6226
6228
6230
6231
6232
6233
6234
6235
6236
6238
6240
6241
6243
6244
6246
6249
6252
6254
6256
6258
6261
6262
6263
6267
6268
6272
6278
6279
6282
6284
6287
6288
6290
6292
6294
6295
6296
6297
6298
6305
6307
6308
6311
6315
6316
6321
6325
6327
6332
6337
6338
6340
6341
6342
6343
6344
6347
6351
6352
6353
6359
6363
6366
6368
6369
6370
6372
6373
6374
6376
6377
6378
6381
6382
6384
6385
6387
6388
6390
6394
6397
6399
6400
6404
6405
6408
6409
6414
6417
6418
6420
6422
6423
6424
6426
6427
6430
6431
6432
6433
6436
6437
6438
6439
6440
6442
6444
6446
6453
6455
6456
6457
6460
6461
6462
6465
6466
6469
6470
6471
6473
6474
6477
6478
6479
6481
6483
6484
6487
6488
6489
6493
6494
6495
6496
6501
6502
6504
6506
6510
6511
6515
6516
6520
6521
6522
6524
6525
6527
6528
6530
6531
6532
6533
6535
6537
6542
6544
6545
6547
6548
6549
6552
6553
6554
6557
6558
6560
6561
6562
6563
6567
6569
6570
6573
6574
6575
6577
6578
6579
6581
6582
6583
6586
6587
6588
6592
6593
6594
6596
6599
6604
6606
6610
6612
6613
6614
6616
6618
6619
6621
6622
6624
6625
6627
6629
6632
6635
6639
6640
6644
6645
6647
6648
6650
6652
6655
6656
6658
6659
6661
6662
6665
6667
6669
6670
6674
6675
6679
6683
6685
6686
6688
6689
6690
6694
6695
6696
6698
6699
6702
6703
6704
6708
6711
6717
6718
6719
6720
6721
6724
6725
6728
6731
6732
6733
6734
6735
6737
6741
6745
6746
6747
6748
6749
6751
6753
6754
6757
6758
6759
6760
6762
6763
6764
6765
6767
6770
6775
6780
6782
6784
6786
6787
6788
6790
6791
6794
6796
6797
6798
6801
6803
6804
6806
6807
6811
6812
6817
6818
6820
6821
6827
6830
6832
6833
6835
6837
6838
6839
6840
6843
6844
6848
6850
6851
6852
6854
6859
6860
6861
6862
6865
6867
6869
6873
6874
6875
6876
6877
6878
6880
6881
6883
6885
6886
6891
6900
6902
6906
6907
6908
6909
6913
6914
6918
6919
6920
6922
6924
6925
6930
6932
6934
6935
6936
6937
6939
6941
6942
6943
6944
6946
6947
6949
6950
6951
6952
6953
6954
6955
6958
6959
6963
6964
6966
6967
6970
6972
6974
6975
6978
6980
6982
6985
6986
6988
6990
6991
6997
7000
7004
7009
7010
7011
7014
7015
7016
7021
7022
7024
7025
7027
7028
7029
7031
7032
7033
7034
7036
7037
7038
7039
7042
7045
7046
7048
7050
7051
7053
7054
7055
7057
7061
7063
7064
7068
7070
7072
7074
7076
7078
7079
7087
7088
7090
7093
7094
7096
7100
7102
7103
7104
7106
7108
7112
7113
7116
7118
7120
7125
7126
7127
7131
7133
7134
7138
7140
7142
7145
7150
7152
7153
7155
7156
7157
7158
7159
7164
7165
7166
7168
7169
7170
7175
7177
7178
7181
7182
7183
7184
7185
7192
7196
7197
7198
7199
7200
7201
7203
7206
7208
7209
7210
7214
7216
7217
7219
7221
7222
7224
7225
7227
7233
7234
7235
7240
7241
7242
7243
7244
7245
7246
7247
7248
7250
7252
7254
7258
7260
7261
7264
7265
7268
7270
7271
7272
7274
7277
7278
7280
7281
7282
7286
7289
7295
7296
7300
7301
7306
7307
7308
7309
7310
7316
7317
7318
7319
7320
7321
7324
7326
7327
7329
7330
7331
7332
7334
7335
7340
7343
7345
7347
7349
7351
7353
7355
7356
7358
7360
7361
7362
7365
7368
7369
7371
7372
7373
7376
7379
7380
7384
7386
7387
7388
7389
7392
7396
7398
7399
7400
7402
7407
7409
7412
7413
7415
7418
7421
7422
7426
7428
7429
7433
7434
7436
7437
7438
7441
7442
7448
7449
7450
7451
7452
7453
7454
7459
7463
7465
7466
7470
7471
7474
7482
7487
7488
7490
7491
7492
7494
7498
7499
7503
7504
7505
7506
7507
7508
7509
7511
7515
7517
7518
7519
7520
7522
7523
7524
7525
7527
7532
7533
7534
7536
7537
7538
7539
7541
7542
7543
7547
7549
7551
7552
7555
7556
7561
7562
7563
7564
7569
7570
7581
7583
7584
7586
7587
7590
7591
7593
7597
7599
