0
1
2
5
7
8
9
10
11
15
17
18
19
21
23
24
25
26
29
33
36
37
38
40
43
44
45
49
50
51
54
55
56
57
59
60
61
63
64
65
66
69
70
72
74
75
76
78
79
80
83
86
89
91
92
95
98
103
105
106
107
110
111
112
115
116
118
119
122
126
127
128
129
130
131
133
136
137
139
142
143
144
146
147
151
153
155
158
159
160
161
165
166
167
169
170
171
174
177
178
179
182
184
185
187
188
190
192
195
197
202
204
205
206
207
208
211
212
216
219
220
221
222
225
226
227
229
230
235
236
238
241
246
247
248
249
250
254
256
257
261
262
265
266
269
271
273
275
276
279
281
282
283
284
288
290
291
294
296
298
299
300
302
309
312
313
314
316
319
320
321
322
323
324
325
326
330
331
333
334
335
337
339
343
345
347
348
349
358
359
364
366
367
368
369
370
371
372
375
376
377
389
390
391
393
395
396
397
398
403
404
406
408
409
415
417
419
421
423
425
426
430
431
432
433
436
437
440
441
442
443
444
446
449
450
456
458
460
461
463
464
466
467
468
469
471
480
487
488
490
491
492
493
494
495
496
497
499
501
503
507
508
509
510
513
514
516
519
520
521
522
524
525
526
527
528
536
539
540
541
543
544
546
547
548
550
551
552
554
555
560
563
564
565
566
567
568
569
570
571
574
576
578
586
589
591
594
596
603
606
607
608
609
611
613
614
615
616
618
619
620
621
623
624
625
628
629
630
633
635
636
638
639
640
642
643
646
647
649
650
651
653
655
656
658
659
660
661
664
665
666
669
670
671
676
678
680
682
685
686
687
688
691
693
697
704
707
709
710
716
717
718
719
721
722
725
726
727
731
738
740
741
742
743
744
746
749
751
753
758
759
761
767
770
771
772
773
774
775
776
780
781
782
783
785
787
788
791
793
796
797
798
800
801
802
803
804
808
811
817
818
821
822
823
824
825
827
828
830
832
833
834
835
836
838
839
842
843
844
846
847
848
850
852
855
856
857
858
859
861
863
865
869
870
871
875
876
877
881
884
886
889
891
892
897
899
900
902
905
906
907
908
909
910
912
914
915
916
917
918
919
920
921
924
925
926
929
936
939
942
944
945
947
948
949
951
954
957
958
961
962
965
966
970
971
972
973
975
976
977
982
983
984
985
996
998
1001
1002
1003
1006
1009
1010
1013
1016
1018
1023
1024
1025
1026
1027
1029
1030
1032
1033
1038
1040
1041
1043
1046
1047
1048
1050
1051
1055
1058
1059
1061
1062
1064
1067
1069
1071
1072
1075
1076
1077
1078
1080
1081
1083
1084
1086
1090
1091
1093
1100
1101
1105
1106
1109
1114
1116
1123
1124
1126
1131
1133
1136
1138
1139
1142
1143
1144
1146
1147
1148
1155
1157
1160
1169
1170
1173
1174
1176
1177
1178
1179
1183
1185
1186
1189
1192
1194
1197
1201
1202
1203
1204
1206
1211
1212
1213
1215
1222
1227
1230
1235
1237
1238
1240
1244
1245
1247
1248
1249
1250
1251
1253
1256
1257
1262
1264
1265
1266
1267
1269
1273
1274
1276
1277
1278
1279
1280
1282
1285
1286
1288
1289
1292
1293
1294
1297
1300
1301
1302
1303
1305
1306
1308
1309
1311
1312
1314
1315
1316
1317
1318
1319
1321
1325
1330
1332
1336
1337
1338
1339
1341
1342
1345
1348
1351
1352
1353
1354
1355
1357
1363
1364
1368
1374
1375
1378
1379
1380
1382
1389
1391
1393
1394
1396
1397
1398
1405
1406
1407
1408
1411
1412
1415
1417
1418
1419
1420
1423
1425
1430
1439
1441
1444
1445
1448
1449
1450
1452
1458
1460
1462
1463
1464
1467
1469
1472
1474
1475
1478
1481
1483
1484
1486
1488
1489
1490
1495
1497
1498
1499
1500
1501
1503
1507
1510
1511
1513
1514
1516
1523
1524
1525
1527
1531
1532
1535
1537
1538
1541
1542
1543
1546
1550
1552
1556
1557
1560
1562
1565
1569
1575
1576
1577
1579
1580
1584
1586
1587
1590
1591
1595
1597
1600
1604
1606
1613
1618
1626
1629
1630
1634
1636
1638
1640
1641
1642
1644
1649
1653
1654
1656
1657
1661
1662
1663
1665
1666
1667
1668
1670
1671
1672
1673
1675
1678
1679
1680
1681
1688
1689
1690
1692
1694
1696
1697
1698
1700
1701
1702
1713
1716
1717
1718
1721
1722
1724
1730
1732
1733
1734
1739
1742
1743
1745
1746
1747
1749
1753
1754
1756
1758
1760
1763
1767
1768
1770
1771
1774
1775
1776
1778
1779
1783
1784
1788
1789
1794
1795
1797
1798
1800
1806
1811
1812
1813
1816
1817
1818
1819
1822
1823
1827
1830
1831
1836
1837
1838
1840
1842
1844
1845
1846
1847
1850
1851
1854
1855
1856
1859
1860
1861
1863
1867
1868
1870
1872
1873
1878
1881
1882
1883
1885
1887
1892
1894
1900
1902
1903
1905
1907
1908
1912
1913
1915
1917
1919
1920
1921
1922
1924
1925
1928
1929
1933
1935
1939
1940
1941
1943
1946
1947
1948
1949
1951
1952
1956
1958
1961
1962
1963
1970
1971
1972
1974
1976
1977
1979
1982
1984
1985
1987
1993
1994
1997
2000
2001
2002
2005
2007
2008
2012
2015
2017
2018
2021
2022
2027
2031
2032
2033
2038
2047
2050
2052
2054
2055
2057
2059
2061
2063
2065
2066
2067
2070
2072
2075
2076
2077
2080
2082
2091
2092
2093
2096
2098
2099
2100
2102
2104
2109
2114
2119
2124
2126
2128
2130
2131
2132
2133
2135
2136
2137
2141
2142
2143
2145
2152
2158
2159
2160
2162
2167
2168
2169
2172
2175
2177
2178
2180
2181
2182
2183
2184
2185
2187
2188
2193
2194
2195
2196
2199
2204
2205
2206
2207
2209
2212
2213
2217
2218
2220
2221
2224
2225
2226
2227
2231
2232
2238
2239
2240
2241
2242
2246
2248
2249
2251
2256
2257
2258
2260
2261
2265
2269
2270
2271
2272
2273
2274
2275
2277
2280
2283
2284
2287
2288
2289
2290
2292
2293
2297
2299
2300
2304
2307
2308
2309
2310
2311
2312
2316
2319
2320
2324
2325
2326
2330
2333
2334
2339
2341
2343
2345
2346
2349
2350
2351
2352
2358
2359
2361
2362
2365
2370
2372
2375
2377
2378
2380
2381
2383
2386
2389
2390
2391
2392
2393
2394
2396
2400
2401
2402
2403
2404
2406
2407
2408
2410
2411
2412
2414
2415
2416
2419
2420
2423
2431
2433
2439
2440
2442
2444
2445
2446
2447
2449
2451
2454
2457
2458
2461
2464
2467
2469
2474
2476
2477
2479
2480
2483
2485
2487
2488
2491
2495
2498
2499
2500
2505
2507
2510
2511
2513
2515
2516
2518
2519
2520
2524
2526
2530
2531
2535
2538
2539
2540
2543
2548
2550
2551
2554
2556
2557
2558
2560
2561
2562
2566
2567
2568
2570
2571
2574
2575
2576
2578
2580
2583
2585
2591
2595
2596
2601
2603
2604
2605
2607
2608
2609
2610
2611
2613
2614
2615
2617
2618
2619
2620
2622
2623
2624
2626
2627
2640
2642
2645
2646
2648
2649
2651
2654
2655
2658
2661
2663
2665
2667
2670
2672
2674
2676
2678
2680
2682
2684
2685
2686
2695
2696
2697
2698
2700
2703
2704
2705
2708
2710
2715
2718
2722
2723
2725
2727
2729
2731
2733
2735
2740
2741
2743
2744
2745
2746
2748
2749
2750
2751
2754
2756
2757
2761
2767
2770
2771
2774
2780
2781
2783
2784
2786
2787
2789
2790
2791
2792
2796
2799
2800
2804
2805
2806
2808
2810
2813
2815
2816
2817
2821
2822
2824
2827
2828
2832
2833
2834
2837
2838
2839
2841
2842
2846
2847
2848
2849
2853
2857
2859
2863
2864
2865
2867
2869
2870
2872
2878
2879
2880
2882
2884
2886
2887
2888
2889
2890
2891
2893
2894
2895
2897
2900
2901
2903
2905
2906
2909
2910
2911
2912
2913
2917
2922
2923
2924
2926
2927
2932
2933
2936
2938
2940
2943
2947
2952
2953
2955
2957
2959
2961
2962
2963
2968
2969
2970
2971
2974
2977
2981
2983
2984
2985
2987
2989
2990
2991
2995
2996
2999
3002
3003
3013
3014
3018
3022
3025
3029
3031
3034
3035
3037
3038
3041
3044
3045
3046
3050
3056
3061
3062
3064
3065
3066
3067
3068
3069
3070
3072
3075
3078
3079
3081
3082
3086
3088
3090
3092
3093
3094
3098
3100
3103
3105
3106
3109
3110
3112
3117
3120
3122
3123
3124
3125
3131
3133
3137
3138
3139
3140
3141
3146
3149
3153
3154
3155
3157
3158
3161
3162
3165
3167
3179
3181
3184
3188
3189
3191
3197
3202
3208
3209
3210
3214
3215
3217
3220
3221
3223
3229
3230
3231
3232
3233
3235
3243
3254
3255
3259
3260
3261
3264
3265
3269
3270
3271
3272
3276
3277
3280
3283
3285
3286
3288
3291
3296
3300
3302
3303
3304
3306
3308
3311
3312
3317
3320
3321
3327
3328
3329
3330
3331
3332
3337
3340
3341
3343
3344
3346
3349
3353
3355
3357
3370
3371
3375
3376
3377
3378
3381
3382
3385
3387
3390
3391
3392
3395
3397
3399
3400
3401
3402
3405
3408
3410
3411
3412
3413
3414
3415
3416
3417
3418
3419
3422
3426
3430
3431
3432
3433
3437
3439
3441
3444
3447
3448
3451
3454
3457
3460
3462
3463
3464
3465
3466
3467
3470
3477
3479
3481
3484
3485
3486
3489
3490
3491
3492
3493
3495
3496
3497
3500
3504
3505
3507
3510
3512
3514
3516
3517
3518
3522
3524
3528
3529
3530
3531
3533
3534
3535
3536
3537
3538
3541
3543
3546
3548
3549
3553
3554
3555
3559
3560
3561
3564
3566
3567
3568
3573
3574
3576
3577
3580
3581
3582
3583
3587
3590
3595
3597
3598
3606
3607
3609
3611
3613
3614
3615
3616
3618
3620
3630
3631
3632
3633
3635
3636
3638
3639
3640
3641
3644
3650
3651
3652
3653
3655
3656
3658
3659
3660
3661
3662
3663
3664
3665
3667
3673
3674
3676
3684
3685
3686
3689
3696
3698
3699
3700
3701
3702
3703
3705
3706
3707
3708
3709
3710
3711
3715
3717
3724
3728
3729
3732
3733
3734
3735
3740
3741
3743
3745
3748
3752
3753
3759
3767
3768
3770
3772
3774
3775
3779
3781
3782
3783
3785
3786
3788
3791
3796
3797
3798
3801
3802
3805
3806
3808
3811
3815
3816
3818
3822
3825
3826
3827
3831
3833
3837
3841
3847
3848
3851
3853
3854
3857
3865
3866
3868
3869
3870
3873
3874
3875
3876
3877
3880
3882
3883
3885
3889
3891
3894
3895
3899
3901
3902
3904
3905
3906
3908
3913
3914
3915
3919
3926
3932
3933
3934
3936
3938
3940
3943
3944
3945
3947
3949
3950
3951
3952
3953
3955
3956
3958
3959
3960
3962
3964
3967
3969
3971
3974
3979
3983
3984
3986
3990
3994
3995
3996
3998
3999
4003
4004
4007
4010
4012
4013
4014
4015
4016
4019
4021
4023
4024
4025
4030
4031
4036
4037
4038
4039
4041
4043
4044
4045
4046
4047
4051
4057
4058
4059
4062
4070
4073
4076
4077
4078
4081
4084
4087
4088
4090
4093
4095
4096
4099
4100
4103
4104
4108
4110
4112
4113
4114
4115
4118
4119
4121
4122
4123
4126
4129
4133
4134
4135
4136
4137
4138
4139
4140
4141
4142
4146
4150
4151
4153
4154
4155
4158
4160
4161
4162
4163
4164
4165
4166
4167
4170
4173
4176
4178
4179
4180
4181
4184
4186
4187
4189
4193
4194
4195
4199
4201
4203
4204
4206
4207
4208
4211
4212
4214
4219
4221
4225
4226
4227
4228
4229
4232
4235
4240
4243
4245
4246
4247
4248
4249
4251
4253
4255
4256
4258
4260
4262
4264
4265
4267
4270
4271
4276
4277
4281
4287
4289
4290
4291
4292
4293
4295
4297
4298
4300
4302
4305
4307
4309
4313
4315
4316
4317
4318
4319
4322
4323
4325
4326
4329
4334
4338
4341
4342
4344
4346
4348
4349
4350
4353
4354
4355
4359
4360
4363
4365
4366
4368
4369
4373
4375
4376
4381
4388
4392
4399
4400
4401
4405
4406
4407
4410
4411
4412
4413
4414
4416
4422
4423
4426
4428
4429
4431
4432
4441
4442
4443
4444
4448
4450
4451
4454
4455
4457
4459
4460
4461
4462
4463
4465
4470
4471
4475
4477
4478
4479
4480
4481
4482
4485
4486
4487
4488
4489
4490
4491
4492
4493
4504
4505
4507
4509
4511
4520
4523
4526
4528
4531
4533
4535
4536
4537
4538
4541
4542
4543
4546
4547
4550
4551
4552
4553
4554
4555
4556
4560
4561
4565
4566
4571
4572
4573
4576
4577
4580
4585
4586
4590
4591
4593
4594
4596
4597
4598
4599
4601
4602
4606
4607
4608
4610
4612
4613
4614
4618
4622
4623
4626
4628
4629
4630
4631
4632
4635
4636
4637
4640
4641
4642
4644
4645
4646
4647
4648
4650
4652
4653
4657
4658
4659
4660
4661
4663
4667
4668
4669
4671
4673
4677
4678
4679
4680
4681
4683
4685
4688
4694
4696
4697
4699
4701
4702
4703
4704
4708
4712
4713
4716
4717
4718
4723
4727
4728
4731
4733
4736
4737
4739
4740
4741
4742
4743
4744
4746
4748
4749
4750
4751
4757
4759
4762
4763
4765
4766
4767
4768
4769
4773
4778
4781
4782
4783
4785
4789
4790
4792
4794
4795
4796
4797
4799
4804
4806
4807
4813
4814
4817
4818
4820
4822
4823
4824
4826
4828
4831
4833
4834
4835
4836
4837
4838
4842
4843
4845
4846
4850
4852
4857
4860
4861
4862
4863
4864
4866
4870
4872
4873
4874
4875
4879
4886
4887
4891
4892
4894
4895
4896
4898
4899
4900
4903
4904
4905
4906
4907
4910
4912
4913
4915
4917
4918
4921
4923
4924
4926
4927
4928
4933
4934
4935
4936
4939
4942
4944
4945
4951
4953
4954
4955
4956
4957
4958
4960
4961
4962
4964
4968
4970
4972
4974
4978
4979
4981
4984
4985
4986
4989
4992
4993
4995
4996
4999
5000
5001
5005
5007
5008
5009
5010
5017
5021
5022
5023
5026
5028
5029
5030
5032
5038
5039
5040
5041
5042
5044
5045
5047
5052
5054
5055
5056
5057
5064
5065
5067
5073
5075
5078
5080
5081
5084
5085
5092
5093
5094
5099
5102
5103
5107
5108
5110
5112
5113
5114
5117
5118
5120
5121
5122
5123
5125
5126
5128
5129
5135
5136
5137
5138
5140
5141
5142
5145
5148
5149
5150
5151
5153
5154
5156
5158
5161
5166
5167
5168
5170
5171
5175
5176
5177
5180
5183
5184
5187
5188
5190
5191
5192
5194
5198
5199
5200
5202
5204
5205
5207
5208
5209
5211
5212
5213
5216
5218
5221
5222
5223
5224
5225
5226
5227
5230
5235
5237
5239
5240
5245
5246
5249
5251
5254
5255
5258
5262
5263
5265
5266
5268
5270
5272
5273
5277
5280
5283
5284
5286
5287
5288
5290
5293
5296
5301
5303
5307
5309
5311
5312
5313
5314
5315
5316
5317
5319
5320
5322
5323
5327
5328
5329
5330
5331
5334
5337
5339
5340
5341
5342
5343
5346
5348
5349
5353
5354
5355
5356
5357
5358
5362
5363
5367
5368
5369
5373
5374
5377
5384
5388
5389
5391
5394
5395
5396
5397
5398
5401
5402
5404
5405
5406
5407
5408
5411
5412
5413
5414
5420
5422
5423
5424
5427
5428
5432
5437
5438
5444
5445
5451
5452
5453
5455
5456
5457
5465
5468
5469
5474
5477
5478
5480
5481
5482
5483
5485
5487
5489
5491
5492
5493
5494
5497
5498
5499
5500
5503
5506
5508
5511
5513
5515
5516
5517
5518
5519
5521
5522
5523
5525
5530
5534
5540
5542
5551
5552
5559
5560
5561
5564
5565
5568
5570
5573
5575
5582
5583
5585
5587
5588
5589
5591
5600
5601
5603
5607
5610
5612
5613
5614
5616
5617
5618
5620
5621
5625
5627
5631
5634
5635
5636
5638
5645
5646
5648
5650
5652
5654
5656
5658
5660
5662
5663
5666
5667
5669
5671
5672
5673
5675
5676
5679
5680
5682
5683
5684
5685
5689
5690
5691
5692
5693
5695
5700
5701
5706
5709
5712
5713
5715
5718
5719
5720
5725
5728
5729
5733
5736
5741
5745
5746
5749
5750
5751
5752
5755
5756
5759
5767
5768
5769
5771
5773
5778
5780
5781
5783
5784
5786
5788
5789
5791
5793
5797
5798
5799
5800
5801
5802
5807
5808
5809
5810
5812
5815
5824
5828
5830
5831
5832
5834
5835
5836
5839
5845
5848
5851
5857
5864
5866
5868
5869
5870
5872
5884
5886
5889
5890
5891
5893
5896
5898
5901
5902
5903
5904
5905
5906
5907
5909
5912
5916
5921
5922
5923
5924
5929
5930
5935
5936
5938
5940
5941
5942
5943
5944
5946
5949
5951
5952
5953
5954
5956
5957
5960
5961
5964
5966
5967
5968
5969
5970
5972
5973
5974
5979
5980
5982
5984
5985
5986
5987
5990
5998
5999
6000
6001
6004
6007
6008
6012
6014
6017
6018
6022
6024
6032
6039
6040
6046
6047
6048
6049
6050
6054
6056
6059
6062
6064
6066
6067
6069
6070
6072
6073
6075
6076
6079
6082
6083
6086
6088
6089
6093
6094
6095
6098
6100
6103
6104
6108
6109
6110
6111
6112
6114
6115
6116
6119
6123
6125
6132
6133
6134
6135
6136
6138
6140
6142
6144
6145
6148
6149
6150
6151
6154
6162
6163
6164
6167
6169
6170
6171
6172
6175
6176
6178
6180
6181
6183
6185
6187
6189
6191
6195
6207
6212
6213
6214
6215
6217
6221
6222
6223
6225
6226
6229
6230
6231
6232
6233
6234
6235
6236
6237
6238
6239
6240
6243
6244
6246
6247
6250
6251
6252
6253
6254
6257
6258
6259
6264
6265
6271
6273
6283
6286
6289
6291
6296
6298
6299
6303
6304
6305
6306
6307
6308
6310
6314
6315
6316
6317
6318
6321
6322
6324
6325
6328
6329
6330
6333
6334
6335
6336
6339
6340
6341
6342
6343
6345
6350
6353
6355
6361
6363
6365
6366
6368
6369
6373
6374
6375
6378
6381
6383
6385
6386
6387
6388
6389
6392
6393
6395
6396
6401
6402
6403
6404
6409
6410
6411
6412
6413
6414
6416
6417
6418
6423
6424
6425
6426
6432
6433
6435
6436
6437
6440
6443
6444
6445
6446
6449
6451
6452
6453
6454
6459
6460
6461
6462
6463
6465
6466
6473
6475
6479
6481
6484
6485
6487
6489
6490
6492
6493
6494
6495
6496
6498
6499
6501
6503
6505
6506
6508
6513
6514
6515
6516
6517
6519
6520
6524
6525
6531
6532
6533
6534
6539
6540
6543
6544
6545
6546
6547
6550
6551
6553
6558
6562
6565
6566
6570
6571
6572
6575
6577
6578
6582
6583
6587
6588
6589
6591
6593
6595
6599
6600
6601
6602
6604
6605
6606
6607
6608
6609
6610
6611
6612
6613
6614
6617
6619
6620
6621
6624
6626
6629
6630
6631
6632
6635
6637
6639
6644
6646
6647
6649
6650
6651
6654
6655
6656
6657
6658
6659
6660
6661
6664
6666
6667
6669
6670
6674
6679
6682
6684
6685
6689
6690
6693
6694
6695
6698
6701
6702
6704
6706
6708
6709
6711
6712
6713
6714
6715
6718
6720
6722
6723
6724
6726
6727
6728
6729
6732
6734
6738
6742
6743
6745
6746
6749
6756
6757
6759
6761
6765
6766
6767
6770
6771
6772
6773
6774
6775
6777
6778
6781
6786
6787
6789
6793
6794
6796
6797
6798
6800
6804
6806
6808
6813
6815
6818
6820
6821
6823
6826
6828
6829
6832
6833
6835
6836
6837
6838
6843
6845
6848
6850
6851
6853
6855
6858
6859
6861
6863
6864
6867
6868
6869
6870
6873
6875
6881
6882
6887
6889
6890
6892
6893
6895
6896
6898
6899
6904
6906
6908
6910
6911
6913
6915
6918
6920
6922
6927
6931
6933
6934
6935
6937
6938
6939
6941
6944
6946
6948
6949
6953
6954
6957
6959
6960
6961
6962
6964
6965
6968
6970
6971
6972
6976
6977
6980
6981
6982
6984
6985
6986
6987
6988
6989
6990
6991
6992
6997
6999
7000
7002
7004
7005
7006
7010
7011
7013
7014
7016
7020
7021
7023
7024
7025
7033
7034
7036
7037
7038
7040
7041
7042
7049
7053
7054
7055
7060
7061
7064
7066
7067
7070
7072
7074
7075
7076
7078
7079
7084
7085
7087
7088
7089
7091
7093
7094
7095
7097
7098
7102
7103
7104
7106
7107
7109
7111
7112
7117
7119
7121
7125
7128
7131
7138
7140
7141
7145
7147
7150
7151
7156
7158
7159
7160
7162
7163
7164
7165
7166
7168
7169
7170
7171
7172
7180
7182
7183
7186
7187
7188
7189
7190
7192
7193
7200
7201
7202
7203
7204
7205
7207
7208
7209
7211
7216
7217
7219
7223
7226
7227
7232
7233
7234
7236
7240
7242
7246
7250
7253
7254
7255
7258
7259
7262
7263
7264
7265
7267
7268
7269
7270
7274
7275
7277
7278
7280
7282
7283
7285
7286
7288
7289
7291
7294
7295
7296
7298
7302
7303
7304
7306
7309
7311
7312
7314
7315
7316
7317
7318
7321
7322
7326
7331
7332
7335
7337
7338
7339
7340
7344
7345
7348
7349
7350
7351
7352
7353
7357
7358
7359
7360
7363
7364
7366
7367
7368
7370
7372
7374
7375
7379
7380
7382
7383
7384
7388
7389
7390
7391
7394
7407
7410
7412
7413
7414
7415
7416
7419
7420
7421
7422
7424
7426
7427
7429
7431
7432
7436
7439
7441
7442
7446
7447
7448
7449
7450
7452
7453
7457
7459
7461
7463
7467
7468
7469
7470
7471
7476
7480
7483
7486
7489
7494
7495
7497
7499
7500
7503
7504
7506
7507
7508
7509
7510
7511
7515
7519
7520
7521
7522
7523
7526
7529
7531
7533
7535
7536
7537
7539
7540
7542
7544
7549
7550
7552
7559
7560
7561
7563
7564
7565
7567
7568
7571
7572
7574
7578
7579
7584
7585
7586
7587
7590
7591
7593
7596
7598
7599
