1
2
3
4
5
6
10
16
19
21
25
26
28
29
30
34
35
36
40
42
43
44
45
46
48
50
51
54
56
63
65
68
71
74
75
76
77
78
79
85
87
89
92
95
97
98
99
100
103
105
106
107
109
113
115
116
117
118
120
121
123
125
127
130
131
132
136
139
141
142
143
146
150
151
152
153
154
155
156
157
158
159
161
162
164
167
168
173
174
175
183
184
188
189
190
192
193
195
196
197
198
201
203
205
208
210
211
212
213
217
220
221
223
226
227
228
234
236
237
238
241
242
243
245
247
249
250
252
253
255
257
258
270
271
273
274
275
276
278
280
282
283
285
288
295
297
300
304
307
308
309
310
312
314
318
319
320
321
322
323
325
326
327
328
333
334
339
340
344
347
352
353
354
359
362
363
364
366
367
371
372
376
379
380
383
384
385
386
387
388
391
395
396
401
404
408
409
410
411
414
415
416
417
422
424
429
430
435
436
437
439
443
448
450
455
459
460
464
467
468
469
470
472
477
480
483
484
485
492
493
494
497
499
500
501
502
503
506
507
511
512
515
516
517
520
523
524
527
531
536
538
540
542
544
546
548
549
550
553
556
559
561
563
564
565
575
576
577
581
582
585
586
588
591
594
598
600
601
603
604
606
607
612
614
616
619
621
622
623
626
629
632
633
636
638
639
640
641
644
647
648
650
653
655
657
658
660
666
667
668
671
674
675
684
685
686
687
689
693
699
700
702
704
707
709
710
711
716
717
724
725
728
730
736
738
740
742
744
745
746
747
748
749
754
755
756
758
761
762
763
771
772
774
775
776
777
785
788
789
791
792
794
797
800
801
802
803
804
806
808
809
810
811
813
815
816
817
819
820
823
824
825
828
829
830
832
833
835
836
838
839
840
841
843
846
848
850
852
856
857
858
860
861
862
866
867
868
873
877
884
889
890
893
894
896
897
898
899
901
904
905
908
913
919
920
921
922
924
925
926
929
930
933
934
938
943
945
946
951
955
956
958
959
962
964
966
968
970
971
972
973
975
976
977
978
983
984
986
987
988
991
994
995
996
1000
1001
1002
1003
1005
1010
1014
1018
1020
1023
1024
1025
1027
1029
1032
1033
1034
1037
1040
1041
1044
1045
1047
1048
1049
1050
1051
1052
1053
1061
1062
1067
1070
1074
1076
1077
1078
1079
1082
1083
1084
1085
1087
1096
1097
1098
1101
1103
1104
1105
1106
1107
1109
1110
1111
1112
1113
1115
1117
1118
1119
1122
1125
1128
1129
1131
1132
1136
1137
1138
1142
1143
1145
1153
1154
1156
1157
1159
1161
1164
1168
1170
1171
1172
1173
1175
1176
1177
1178
1182
1184
1186
1188
1189
1191
1192
1195
1196
1197
1198
1199
1201
1203
1204
1207
1212
1213
1216
1217
1221
1223
1224
1226
1229
1232
1234
1235
1237
1238
1240
1241
1243
1244
1245
1246
1247
1249
1251
1252
1257
1258
1259
1260
1262
1272
1274
1275
1276
1281
1283
1284
1287
1288
1289
1291
1292
1293
1294
1296
1298
1299
1302
1303
1306
1307
1312
1313
1314
1315
1319
1320
1321
1323
1324
1327
1329
1330
1333
1342
1346
1351
1352
1353
1357
1359
1361
1363
1364
1366
1367
1371
1372
1375
1376
1378
1380
1381
1383
1385
1386
1389
1392
1393
1394
1396
1398
1400
1406
1407
1408
1409
1410
1413
1416
1418
1419
1421
1423
1425
1427
1430
1431
1432
1434
1435
1436
1438
1440
1442
1444
1445
1446
1448
1450
1451
1452
1457
1459
1462
1463
1466
1469
1471
1473
1476
1477
1478
1486
1488
1490
1493
1497
1499
1502
1505
1506
1508
1511
1515
1517
1521
1524
1525
1526
1527
1528
1535
1537
1539
1540
1541
1542
1545
1548
1550
1554
1555
1564
1567
1568
1572
1573
1574
1575
1577
1578
1579
1580
1583
1585
1590
1592
1593
1596
1601
1604
1606
1609
1611
1615
1616
1617
1618
1620
1621
1623
1625
1627
1630
1632
1635
1636
1638
1639
1642
1643
1644
1650
1651
1652
1653
1654
1656
1661
1662
1664
1665
1666
1668
1669
1671
1674
1676
1677
1681
1682
1683
1685
1687
1690
1692
1693
1696
1698
1699
1701
1704
1706
1709
1711
1713
1715
1716
1718
1719
1721
1722
1724
1725
1726
1727
1728
1730
1731
1734
1735
1738
1739
1743
1744
1745
1746
1747
1748
1749
1751
1755
1760
1763
1764
1766
1767
1768
1770
1772
1775
1780
1781
1783
1784
1785
1789
1791
1793
1794
1799
1800
1806
1817
1824
1825
1826
1827
1828
1829
1830
1837
1838
1839
1840
1844
1845
1848
1851
1853
1855
1856
1859
1860
1861
1862
1866
1867
1868
1870
1871
1873
1874
1877
1878
1879
1881
1882
1884
1888
1889
1891
1894
1896
1899
1900
1902
1903
1904
1906
1907
1908
1910
1911
1912
1914
1916
1917
1918
1921
1922
1926
1931
1933
1935
1936
1937
1939
1940
1942
1943
1944
1945
1948
1951
1953
1954
1956
1963
1966
1967
1968
1971
1972
1975
1976
1980
1981
1982
1983
1984
1987
1988
1989
1990
1991
1996
1997
2002
2003
2005
2008
2009
2011
2012
2013
2015
2019
2021
2023
2024
2026
2027
2028
2032
2033
2035
2036
2041
2042
2045
2046
2052
2053
2054
2055
2058
2059
2060
2061
2062
2064
2066
2067
2070
2071
2073
2077
2082
2085
2088
2089
2092
2093
2094
2095
2098
2103
2105
2107
2108
2110
2112
2113
2115
2116
2117
2122
2123
2125
2126
2127
2128
2132
2133
2134
2136
2138
2139
2141
2146
2147
2148
2149
2155
2157
2158
2161
2163
2164
2165
2166
2171
2172
2175
2176
2177
2181
2182
2184
2185
2186
2188
2189
2190
2192
2194
2195
2196
2197
2198
2199
2200
2201
2206
2208
2209
2214
2215
2218
2219
2221
2223
2227
2230
2231
2232
2237
2240
2241
2242
2244
2247
2254
2256
2259
2261
2263
2265
2268
2269
2272
2274
2276
2279
2283
2284
2285
2293
2294
2296
2298
2300
2302
2303
2304
2307
2309
2311
2313
2314
2316
2317
2320
2321
2323
2328
2331
2337
2338
2342
2345
2348
2351
2354
2355
2356
2357
2359
2360
2362
2366
2367
2371
2374
2376
2378
2379
2381
2383
2385
2386
2389
2390
2391
2392
2393
2396
2397
2399
2402
2403
2405
2407
2410
2412
2413
2418
2423
2426
2427
2428
2429
2432
2433
2435
2438
2441
2442
2445
2446
2450
2452
2454
2455
2456
2458
2460
2463
2470
2472
2473
2475
2476
2477
2479
2481
2483
2488
2492
2494
2495
2500
2501
2503
2506
2507
2508
2510
2511
2514
2515
2518
2519
2520
2522
2524
2525
2527
2530
2532
2533
2535
2537
2539
2540
2541
2545
2550
2552
2554
2555
2556
2558
2560
2561
2562
2564
2565
2567
2568
2570
2574
2576
2577
2578
2580
2584
2585
2587
2589
2591
2592
2594
2595
2599
2600
2602
2604
2605
2606
2609
2610
2612
2613
2614
2615
2616
2617
2624
2625
2626
2629
2630
2635
2636
2638
2640
2641
2642
2643
2644
2645
2647
2648
2651
2653
2654
2656
2657
2659
2660
2663
2665
2666
2669
2672
2673
2676
2677
2679
2681
2682
2684
2685
2688
2689
2690
2691
2692
2693
2697
2698
2700
2702
2703
2705
2707
2710
2715
2716
2721
2722
2724
2725
2729
2730
2731
2732
2733
2736
2738
2741
2742
2744
2745
2747
2749
2751
2752
2753
2754
2756
2757
2759
2761
2762
2767
2768
2770
2772
2773
2774
2775
2778
2779
2780
2782
2783
2784
2786
2788
2790
2791
2796
2799
2800
2803
2806
2809
2810
2818
2820
2821
2822
2824
2825
2826
2827
2831
2833
2835
2836
2837
2839
2841
2842
2843
2844
2848
2849
2850
2853
2858
2859
2860
2861
2867
2868
2870
2871
2873
2874
2880
2882
2883
2885
2886
2887
2889
2892
2894
2896
2898
2900
2901
2902
2904
2905
2906
2907
2911
2912
2913
2914
2915
2916
2918
2923
2924
2925
2926
2927
2928
2929
2930
2931
2933
2935
2936
2937
2938
2939
2944
2945
2946
2947
2948
2949
2950
2951
2952
2955
2957
2958
2959
2960
2961
2962
2963
2964
2965
2967
2968
2971
2978
2979
2980
2982
2983
2985
2990
2991
2992
2993
2995
2998
2999
3001
3003
3005
3006
3008
3010
3012
3014
3017
3019
3020
3025
3028
3035
3036
3037
3038
3040
3041
3044
3047
3051
3053
3057
3058
3059
3060
3063
3064
3067
3068
3070
3071
3072
3073
3074
3077
3079
3086
3087
3088
3089
3091
3095
3096
3097
3098
3100
3102
3103
3104
3105
3106
3107
3110
3111
3113
3119
3120
3122
3123
3125
3128
3131
3135
3136
3137
3138
3139
3140
3142
3144
3147
3149
3150
3151
3153
3154
3157
3162
3164
3165
3166
3168
3169
3171
3175
3176
3179
3180
3183
3184
3185
3187
3189
3191
3194
3196
3197
3198
3199
3200
3201
3203
3204
3208
3209
3212
3214
3219
3220
3221
3222
3224
3225
3229
3230
3232
3237
3239
3242
3245
3249
3251
3252
3253
3254
3255
3258
3259
3262
3263
3266
3268
3269
3271
3273
3275
3277
3287
3288
3289
3290
3291
3293
3294
3296
3298
3299
3301
3302
3303
3304
3305
3308
3309
3313
3317
3318
3319
3320
3322
3324
3325
3326
3327
3329
3330
3331
3332
3333
3334
3335
3336
3338
3340
3341
3342
3344
3349
3350
3351
3353
3355
3357
3358
3360
3364
3365
3366
3367
3374
3375
3376
3377
3378
3381
3382
3383
3385
3388
3389
3390
3392
3393
3395
3396
3397
3399
3400
3403
3406
3407
3408
3409
3410
3413
3414
3415
3416
3418
3422
3424
3425
3426
3428
3430
3431
3432
3433
3437
3438
3439
3440
3441
3442
3444
3447
3451
3452
3453
3457
3459
3460
3462
3467
3473
3474
3480
3481
3484
3487
3490
3492
3494
3496
3498
3502
3503
3504
3505
3507
3508
3510
3513
3515
3516
3520
3524
3525
3526
3527
3528
3529
3530
3531
3532
3537
3538
3541
3545
3547
3549
3550
3551
3552
3555
3556
3561
3562
3563
3564
3565
3568
3572
3573
3574
3575
3579
3581
3583
3585
3587
3588
3592
3593
3596
3599
3601
3605
3606
3607
3608
3609
3618
3619
3621
3623
3624
3627
3629
3631
3632
3633
3636
3637
3639
3642
3644
3645
3650
3653
3657
3660
3665
3666
3667
3670
3672
3678
3683
3684
3685
3686
3687
3689
3690
3691
3695
3698
3702
3704
3706
3707
3710
3716
3718
3719
3720
3721
3726
3727
3732
3734
3738
3740
3742
3745
3749
3752
3755
3757
3758
3759
3760
3761
3763
3764
3767
3768
3772
3773
3776
3778
3779
3782
3785
3788
3790
3791
3793
3795
3796
3797
3798
3799
3800
3802
3805
3807
3808
3809
3810
3811
3812
3814
3815
3818
3819
3822
3826
3827
3829
3830
3832
3834
3836
3840
3841
3848
3849
3850
3854
3855
3858
3859
3860
3861
3862
3865
3866
3869
3870
3872
3874
3875
3879
3883
3884
3885
3888
3890
3891
3893
3895
3896
3897
3898
3899
3902
3903
3904
3906
3908
3909
3910
3911
3912
3914
3920
3924
3927
3929
3931
3933
3934
3935
3938
3940
3947
3948
3950
3951
3953
3954
3956
3961
3963
3965
3966
3968
3970
3974
3975
3976
3977
3978
3979
3983
3985
3987
3991
3996
3998
4000
4001
4003
4006
4007
4008
4010
4013
4015
4016
4019
4020
4021
4024
4026
4027
4029
4030
4031
4032
4033
4034
4035
4039
4042
4043
4048
4049
4050
4053
4054
4059
4062
4067
4068
4071
4072
4073
4074
4080
4083
4086
4089
4090
4092
4097
4102
4103
4104
4105
4106
4107
4108
4111
4112
4113
4115
4116
4118
4119
4124
4129
4132
4133
4135
4137
4139
4143
4144
4148
4149
4150
4155
4156
4157
4164
4165
4169
4171
4173
4177
4178
4179
4182
4183
4184
4189
4190
4191
4193
4194
4196
4200
4201
4202
4206
4207
4208
4210
4212
4218
4219
4220
4225
4226
4230
4238
4239
4240
4241
4251
4252
4253
4255
4259
4263
4266
4267
4268
4269
4271
4272
4273
4274
4275
4278
4281
4282
4283
4284
4287
4289
4290
4293
4294
4296
4297
4299
4305
4306
4307
4308
4314
4315
4317
4321
4322
4324
4325
4327
4329
4331
4332
4334
4335
4338
4339
4340
4342
4344
4345
4346
4351
4352
4353
4354
4357
4358
4360
4361
4362
4363
4364
4365
4366
4371
4372
4376
4381
4387
4389
4391
4396
4397
4398
4405
4408
4411
4412
4414
4415
4417
4419
4421
4422
4424
4425
4426
4428
4430
4432
4433
4434
4435
4436
4437
4438
4439
4441
4442
4443
4446
4450
4451
4452
4453
4454
4455
4457
4458
4460
4461
4462
4463
4464
4465
4466
4469
4471
4476
4477
4479
4480
4482
4485
4490
4494
4496
4497
4499
4500
4503
4504
4505
4506
4511
4513
4514
4515
4517
4523
4525
4526
4528
4529
4530
4535
4537
4538
4545
4547
4548
4549
4550
4551
4553
4558
4559
4561
4563
4566
4567
4570
4572
4575
4576
4578
4580
4581
4582
4585
4586
4587
4590
4591
4592
4595
4597
4599
4601
4603
4604
4606
4607
4610
4616
4619
4621
4622
4623
4627
4629
4630
4631
4634
4636
4637
4638
4640
4643
4649
4650
4652
4654
4655
4658
4660
4661
4663
4664
4667
4668
4669
4670
4673
4679
4680
4681
4683
4684
4685
4687
4689
4690
4694
4696
4697
4701
4702
4703
4705
4710
4714
4716
4719
4728
4730
4731
4734
4735
4736
4737
4739
4740
4743
4745
4746
4747
4756
4758
4762
4763
4764
4765
4767
4768
4772
4773
4774
4775
4776
4778
4782
4784
4785
4786
4788
4791
4792
4793
4794
4796
4799
4800
4803
4804
4808
4809
4811
4812
4814
4816
4818
4820
4821
4822
4827
4829
4830
4831
4839
4843
4846
4847
4848
4850
4854
4855
4856
4860
4867
4873
4874
4881
4883
4886
4887
4889
4891
4893
4894
4897
4898
4899
4901
4902
4903
4904
4905
4906
4908
4909
4910
4915
4917
4918
4920
4922
4923
4924
4930
4931
4933
4935
4937
4938
4939
4940
4946
4949
4957
4965
4966
4967
4969
4970
4971
4976
4978
4979
4983
4985
4989
4992
4994
4997
4998
4999
5000
5001
5002
5005
5008
5011
5012
5015
5017
5019
5020
5024
5025
5026
5028
5029
5031
5040
5041
5042
5046
5047
5048
5049
5051
5052
5055
5056
5057
5058
5061
5062
5064
5065
5066
5067
5069
5072
5074
5078
5079
5081
5082
5086
5088
5091
5092
5094
5097
5098
5100
5104
5106
5107
5108
5109
5113
5116
5117
5118
5120
5123
5125
5131
5132
5140
5143
5144
5145
5147
5148
5150
5151
5153
5156
5158
5165
5167
5169
5170
5171
5172
5173
5174
5179
5180
5181
5183
5184
5186
5187
5190
5191
5193
5195
5196
5197
5198
5200
5201
5202
5203
5204
5209
5210
5212
5213
5217
5224
5227
5229
5237
5238
5240
5246
5249
5252
5253
5255
5259
5260
5263
5265
5266
5268
5272
5273
5274
5276
5277
5279
5280
5281
5284
5286
5287
5288
5292
5293
5294
5298
5301
5302
5303
5304
5305
5307
5310
5311
5312
5314
5316
5317
5318
5320
5322
5323
5324
5326
5327
5330
5331
5334
5335
5336
5338
5339
5342
5343
5347
5352
5353
5355
5358
5361
5366
5367
5369
5371
5374
5376
5377
5378
5381
5383
5384
5385
5386
5388
5389
5391
5392
5395
5396
5399
5403
5406
5407
5408
5411
5412
5418
5419
5422
5424
5428
5429
5431
5434
5435
5438
5441
5442
5443
5444
5448
5456
5458
5461
5462
5464
5466
5467
5468
5470
5472
5473
5475
5481
5483
5485
5488
5491
5492
5494
5495
5498
5500
5501
5504
5506
5508
5509
5510
5511
5514
5520
5522
5526
5529
5530
5533
5537
5538
5539
5540
5543
5544
5545
5548
5550
5557
5558
5559
5561
5562
5565
5568
5573
5577
5578
5579
5582
5584
5588
5589
5590
5592
5593
5595
5598
5601
5602
5603
5604
5606
5607
5608
5609
5610
5611
5613
5614
5615
5618
5619
5621
5625
5627
5628
5631
5634
5637
5638
5639
5641
5642
5644
5645
5646
5647
5649
5650
5651
5653
5655
5660
5661
5662
5665
5668
5669
5672
5675
5676
5679
5680
5681
5682
5683
5685
5686
5687
5688
5692
5696
5698
5701
5702
5704
5705
5709
5712
5715
5716
5719
5721
5724
5728
5730
5731
5735
5736
5737
5738
5742
5744
5745
5747
5748
5750
5752
5753
5755
5756
5758
5761
5764
5765
5766
5767
5768
5770
5771
5772
5773
5774
5775
5781
5783
5784
5788
5789
5796
5799
5800
5803
5804
5805
5807
5809
5811
5812
5815
5818
5819
5820
5823
5826
5827
5828
5829
5830
5833
5838
5841
5843
5845
5846
5850
5854
5857
5858
5859
5860
5865
5868
5869
5871
5873
5879
5880
5881
5884
5885
5887
5889
5891
5892
5893
5896
5898
5900
5901
5905
5909
5911
5913
5914
5917
5919
5920
5921
5922
5923
5924
5925
5926
5927
5928
5929
5931
5932
5936
5937
5938
5940
5941
5943
5946
5948
5952
5953
5955
5958
5959
5960
5964
5967
5968
5971
5972
5973
5974
5978
5979
5980
5981
5989
5991
5996
5997
5998
5999
6002
6009
6010
6011
6013
6014
6017
6019
6030
6031
6034
6035
6038
6039
6041
6042
6045
6046
6048
6049
6052
6053
6054
6055
6059
6060
6061
6064
6065
6071
6076
6079
6080
6085
6087
6091
6092
6093
6094
6095
6098
6100
6102
6103
6104
6107
6110
6111
6113
6116
6119
6121
6123
6127
6129
6132
6133
6134
6135
6136
6138
6141
6142
6144
6146
6147
6151
6157
6160
6162
6163
6167
6168
6176
6177
6178
6183
6188
6189
6190
6194
6195
6196
6198
6200
6202
6206
6207
6208
6209
6211
6217
6218
6219
6223
6224
6225
6226
6229
6232
6233
6234
6236
6239
6241
6244
6245
6246
6252
6253
6254
6255
6259
6266
6267
6268
6271
6272
6276
6278
6281
6283
6285
6286
6287
6289
6290
6293
6295
6297
6298
6299
6300
6302
6303
6310
6312
6316
6317
6319
6322
6328
6330
6331
6333
6336
6341
6346
6349
6350
6353
6358
6359
6360
6368
6370
6371
6375
6378
6379
6382
6383
6385
6387
6389
6390
6396
6398
6405
6408
6411
6412
6413
6414
6416
6417
6418
6419
6421
6422
6424
6426
6427
6431
6434
6437
6438
6442
6444
6448
6449
6451
6452
6454
6457
6458
6460
6463
6465
6466
6467
6470
6472
6473
6476
6477
6479
6486
6488
6489
6493
6494
6496
6497
6499
6501
6502
6505
6506
6507
6509
6510
6511
6513
6515
6520
6523
6524
6526
6528
6531
6536
6537
6538
6539
6540
6541
6542
6543
6546
6548
6549
6551
6553
6554
6556
6558
6563
6566
6569
6570
6572
6574
6575
6576
6578
6584
6585
6586
6587
6588
6590
6592
6598
6601
6602
6607
6610
6611
6613
6614
6616
6617
6622
6623
6624
6625
6629
6632
6636
6638
6642
6643
6644
6647
6648
6650
6653
6654
6655
6656
6657
6658
6659
6660
6662
6665
6668
6671
6672
6673
6674
6676
6678
6680
6681
6683
6685
6689
6692
6693
6695
6696
6698
6699
6700
6701
6707
6709
6711
6713
6714
6716
6717
6719
6721
6724
6726
6727
6729
6730
6731
6734
6735
6736
6740
6744
6745
6748
6749
6750
6751
6754
6755
6757
6758
6759
6761
6768
6769
6773
6775
6781
6782
6784
6785
6788
6791
6792
6794
6795
6799
6801
6804
6807
6808
6812
6814
6815
6816
6821
6824
6826
6827
6828
6829
6835
6837
6841
6847
6848
6850
6851
6852
6853
6859
6861
6862
6864
6866
6868
6869
6871
6874
6878
6880
6884
6885
6887
6888
6889
6893
6897
6899
6900
6905
6908
6909
6910
6916
6918
6919
6920
6922
6925
6926
6928
6930
6931
6936
6937
6940
6945
6946
6951
6953
6955
6956
6960
6962
6963
6964
6966
6968
6969
6972
6975
6977
6980
6982
6987
6988
6990
6991
6995
6997
6998
7000
7001
7006
7007
7009
7010
7012
7014
7017
7018
7022
7025
7026
7030
7034
7035
7041
7043
7045
7047
7048
7050
7053
7055
7058
7059
7061
7066
7069
7071
7072
7073
7075
7077
7082
7085
7088
7089
7092
7093
7094
7095
7097
7098
7100
7103
7105
7109
7115
7117
7118
7119
7120
7121
7123
7124
7126
7129
7130
7131
7133
7135
7139
7140
7142
7143
7144
7148
7150
7152
7154
7155
7156
7157
7158
7159
7162
7163
7165
7166
7167
7170
7171
7176
7177
7178
7180
7181
7183
7185
7192
7193
7194
7198
7200
7205
7206
7207
7208
7209
7211
7213
7214
7215
7217
7219
7220
7221
7222
7224
7227
7235
7237
7238
7240
7241
7244
7247
7248
7253
7255
7257
7258
7259
7264
7265
7266
7269
7270
7273
7276
7281
7283
7286
7287
7292
7293
7299
7301
7302
7303
7304
7307
7308
7309
7313
7316
7318
7319
7322
7323
7324
7325
7326
7328
7330
7333
7334
7335
7336
7337
7339
7341
7342
7343
7345
7347
7350
7352
7357
7358
7359
7360
7363
7365
7368
7369
7370
7371
7372
7374
7376
7380
7382
7385
7386
7388
7389
7392
7398
7401
7402
7403
7404
7405
7407
7408
7409
7410
7411
7414
7415
7417
7418
7419
7421
7423
7424
7425
7426
7428
7429
7430
7432
7439
7443
7445
7446
7447
7450
7451
7453
7454
7456
7458
7459
7463
7464
7467
7469
7470
7471
7472
7474
7477
7478
7479
7481
7482
7486
7488
7489
7490
7492
7494
7496
7497
7500
7501
7502
7503
7507
7509
7512
7513
7514
7515
7516
7517
7519
7520
7523
7528
7531
7532
7533
7536
7538
7540
7542
7544
7548
7549
7554
7555
7556
7557
7558
7560
7564
7565
7566
7570
7571
7572
7573
7578
7579
7582
7584
7585
7587
7588
7591
7592
7594
7596
7598
