0
3
4
5
7
9
10
12
13
15
18
22
23
26
33
36
38
39
40
41
46
50
51
54
56
57
58
59
62
64
65
66
67
70
71
74
75
76
79
80
87
90
91
92
93
98
100
108
116
117
119
123
125
127
128
130
131
134
136
137
138
139
142
145
147
148
149
152
154
155
156
158
159
160
162
165
168
173
174
175
176
179
180
181
182
185
186
191
197
200
201
202
203
204
205
207
208
210
213
218
219
222
225
230
233
237
239
244
245
247
251
252
254
255
256
258
259
260
261
263
265
266
267
268
270
272
274
275
280
281
283
284
286
287
289
291
297
298
299
300
301
302
305
308
313
314
319
320
322
323
326
327
334
335
339
340
341
342
346
348
349
350
352
353
355
357
358
360
362
363
368
371
372
375
377
378
379
380
383
384
386
388
391
392
394
397
399
400
407
408
409
414
416
417
419
421
422
425
432
433
434
435
437
440
442
445
446
448
450
451
455
456
458
461
465
466
467
471
472
473
475
477
478
482
483
484
486
494
497
500
502
503
504
505
508
510
519
520
521
523
524
525
526
527
529
530
531
534
536
537
539
541
547
549
550
551
552
554
555
558
559
560
562
563
564
566
569
570
571
572
573
574
575
576
580
581
584
586
587
588
589
590
591
592
593
594
595
597
599
603
604
606
609
610
617
618
619
623
624
625
626
631
633
634
637
638
639
642
648
650
651
653
655
656
657
661
662
664
665
666
669
673
674
677
678
681
684
688
690
691
693
696
697
701
705
707
709
711
714
715
718
721
724
725
726
728
736
738
739
740
741
742
744
747
753
759
760
762
775
778
779
780
782
783
786
798
800
802
807
808
811
812
814
815
818
819
825
827
828
831
835
837
838
841
842
843
846
847
850
851
852
853
854
857
859
860
861
862
863
865
867
869
872
873
874
876
877
878
879
880
884
885
886
887
892
893
894
895
896
897
900
902
906
908
910
911
913
916
920
925
926
927
929
931
934
935
937
938
940
941
942
955
956
958
959
960
962
963
965
966
967
968
969
973
976
978
979
986
990
997
1000
1001
1004
1008
1009
1014
1015
1016
1019
1021
1024
1025
1027
1029
1033
1035
1036
1041
1042
1043
1048
1051
1052
1055
1056
1057
1058
1060
1061
1062
1065
1069
1070
1071
1072
1074
1078
1079
1081
1083
1084
1085
1088
1089
1090
1091
1092
1093
1095
1097
1098
1100
1101
1102
1103
1104
1105
1106
1107
1108
1110
1111
1112
1114
1116
1117
1118
1119
1121
1122
1123
1124
1126
1128
1129
1130
1131
1136
1137
1139
1141
1143
1148
1149
1150
1151
1153
1156
1160
1162
1163
1164
1165
1166
1167
1168
1169
1170
1171
1172
1173
1174
1177
1179
1182
1183
1185
1189
1190
1194
1195
1196
1198
1199
1200
1201
1206
1207
1209
1210
1212
1214
1215
1221
1223
1227
1230
1234
1236
1237
1239
1242
1245
1255
1258
1259
1261
1264
1268
1270
1275
1276
1277
1278
1279
1280
1281
1285
1286
1287
1291
1295
1297
1301
1303
1305
1306
1307
1308
1311
1314
1319
1321
1322
1323
1325
1326
1327
1328
1331
1332
1337
1339
1340
1345
1347
1348
1349
1350
1352
1355
1358
1359
1360
1361
1363
1365
1366
1367
1369
1370
1371
1373
1378
1381
1384
1389
1392
1394
1397
1400
1402
1403
1407
1409
1411
1412
1413
1415
1417
1418
1421
1425
1426
1429
1432
1435
1436
1439
1440
1441
1442
1443
1444
1445
1448
1452
1453
1455
1456
1459
1460
1461
1463
1470
1472
1474
1475
1477
1478
1481
1485
1489
1491
1492
1494
1496
1497
1499
1501
1502
1506
1507
1508
1509
1510
1511
1521
1523
1524
1525
1526
1529
1530
1533
1535
1537
1538
1539
1541
1542
1550
1553
1555
1557
1558
1560
1561
1563
1564
1565
1566
1568
1572
1575
1576
1577
1580
1585
1586
1587
1588
1590
1591
1592
1594
1595
1597
1601
1602
1605
1608
1610
1612
1613
1615
1618
1619
1621
1622
1625
1626
1629
1630
1631
1633
1634
1636
1641
1642
1643
1646
1647
1649
1651
1652
1653
1654
1655
1656
1657
1659
1660
1661
1663
1665
1666
1668
1669
1670
1671
1673
1674
1675
1677
1680
1681
1687
1688
1689
1690
1691
1693
1694
1698
1699
1701
1703
1705
1707
1708
1711
1712
1714
1715
1716
1719
1720
1721
1722
1725
1726
1729
1733
1735
1739
1742
1743
1745
1749
1753
1755
1757
1758
1760
1764
1766
1767
1771
1773
1774
1775
1777
1778
1780
1781
1782
1783
1785
1786
1787
1790
1793
1794
1795
1797
1798
1800
1803
1804
1805
1806
1811
1812
1813
1817
1819
1828
1829
1830
1831
1832
1833
1838
1839
1840
1842
1843
1844
1846
1853
1856
1857
1859
1862
1865
1867
1868
1882
1883
1885
1886
1888
1893
1894
1896
1897
1906
1907
1908
1909
1915
1916
1918
1922
1923
1924
1925
1926
1928
1929
1930
1931
1932
1933
1934
1935
1936
1938
1939
1941
1942
1943
1944
1945
1946
1947
1949
1950
1952
1953
1954
1955
1957
1961
1962
1964
1965
1966
1967
1970
1971
1974
1976
1977
1978
1980
1982
1983
1984
1986
1987
1989
1990
1993
1994
1996
1997
2001
2004
2007
2011
2012
2014
2015
2018
2023
2027
2028
2030
2032
2033
2034
2037
2038
2039
2040
2042
2043
2044
2045
2046
2049
2051
2056
2057
2059
2065
2066
2067
2068
2071
2072
2073
2075
2078
2079
2081
2082
2085
2089
2090
2091
2092
2093
2094
2095
2097
2098
2099
2100
2109
2110
2114
2116
2117
2119
2120
2124
2133
2142
2144
2145
2146
2148
2150
2151
2154
2156
2161
2165
2167
2169
2170
2171
2173
2174
2179
2180
2183
2185
2186
2189
2191
2195
2197
2198
2199
2200
2203
2208
2209
2210
2212
2213
2214
2218
2219
2220
2222
2225
2226
2229
2232
2233
2235
2236
2237
2238
2240
2241
2244
2245
2253
2255
2258
2259
2260
2261
2264
2265
2266
2271
2272
2273
2278
2279
2281
2282
2284
2290
2292
2296
2297
2299
2301
2303
2304
2305
2307
2309
2310
2311
2312
2313
2314
2315
2317
2318
2319
2321
2322
2325
2327
2328
2329
2331
2333
2335
2338
2342
2344
2346
2347
2348
2350
2351
2353
2354
2356
2357
2359
2361
2363
2368
2371
2376
2378
2381
2384
2385
2386
2387
2388
2390
2401
2402
2404
2408
2410
2411
2412
2414
2415
2416
2418
2424
2425
2427
2428
2429
2430
2432
2433
2434
2435
2438
2442
2443
2444
2445
2446
2448
2449
2458
2460
2461
2464
2466
2468
2470
2471
2474
2475
2476
2477
2478
2480
2481
2482
2483
2489
2490
2493
2495
2496
2497
2498
2499
2501
2503
2505
2508
2510
2515
2516
2517
2518
2522
2523
2526
2527
2528
2530
2532
2534
2536
2538
2541
2544
2545
2546
2549
2551
2552
2553
2554
2556
2559
2561
2562
2563
2565
2567
2568
2572
2575
2576
2580
2581
2582
2583
2584
2587
2589
2593
2594
2600
2604
2605
2606
2615
2616
2617
2618
2623
2624
2625
2626
2627
2628
2629
2630
2634
2637
2640
2641
2645
2646
2650
2651
2652
2653
2654
2660
2661
2665
2668
2670
2672
2673
2675
2676
2678
2679
2683
2685
2689
2694
2695
2697
2699
2702
2703
2704
2705
2706
2709
2712
2713
2716
2717
2718
2719
2721
2722
2727
2729
2730
2731
2736
2737
2738
2739
2740
2743
2745
2746
2748
2749
2754
2755
2756
2757
2759
2760
2762
2763
2765
2771
2773
2775
2776
2780
2781
2784
2787
2789
2791
2792
2793
2794
2798
2801
2803
2805
2806
2807
2809
2810
2813
2814
2815
2818
2821
2822
2824
2826
2828
2829
2830
2831
2833
2841
2844
2845
2846
2847
2848
2849
2851
2852
2853
2855
2858
2860
2862
2866
2867
2868
2870
2875
2876
2877
2882
2885
2888
2890
2891
2893
2894
2896
2899
2901
2903
2905
2906
2907
2909
2910
2913
2916
2919
2921
2922
2926
2928
2929
2932
2933
2934
2935
2936
2937
2938
2941
2942
2943
2945
2947
2948
2951
2953
2954
2955
2956
2957
2961
2963
2964
2965
2966
2968
2969
2970
2974
2975
2976
2977
2981
2983
2991
2993
2995
2997
2999
3002
3007
3009
3013
3014
3015
3017
3020
3021
3022
3023
3025
3026
3027
3031
3032
3033
3035
3041
3043
3045
3047
3048
3054
3055
3056
3060
3065
3069
3070
3074
3077
3078
3079
3082
3083
3089
3091
3092
3093
3094
3096
3099
3101
3108
3112
3113
3114
3116
3117
3118
3119
3124
3127
3129
3131
3136
3137
3139
3142
3144
3145
3146
3147
3149
3153
3154
3156
3160
3161
3162
3163
3164
3166
3167
3169
3171
3173
3174
3175
3185
3187
3188
3189
3191
3195
3197
3200
3202
3203
3204
3206
3207
3210
3211
3212
3214
3217
3218
3221
3226
3227
3228
3231
3236
3237
3238
3239
3242
3243
3247
3248
3249
3252
3253
3254
3255
3259
3260
3261
3262
3263
3265
3267
3271
3272
3274
3275
3276
3277
3283
3284
3288
3295
3297
3299
3300
3301
3302
3303
3308
3309
3310
3312
3314
3315
3316
3318
3319
3320
3324
3330
3331
3335
3336
3337
3341
3343
3344
3347
3350
3352
3355
3358
3362
3367
3368
3369
3370
3371
3372
3376
3377
3378
3380
3381
3382
3383
3385
3388
3389
3390
3394
3397
3400
3402
3404
3405
3407
3412
3413
3415
3416
3417
3418
3422
3426
3427
3429
3430
3432
3435
3436
3437
3438
3439
3444
3445
3446
3447
3448
3449
3451
3453
3456
3458
3460
3467
3468
3469
3470
3471
3475
3476
3480
3481
3482
3483
3485
3486
3491
3493
3494
3496
3497
3500
3501
3502
3503
3504
3508
3509
3510
3511
3513
3515
3516
3520
3522
3523
3524
3525
3528
3531
3534
3536
3537
3538
3541
3543
3547
3548
3549
3551
3552
3554
3555
3558
3559
3563
3568
3569
3570
3573
3574
3575
3581
3588
3593
3594
3596
3598
3600
3601
3605
3608
3612
3616
3617
3620
3621
3622
3624
3625
3626
3627
3629
3631
3633
3634
3635
3636
3637
3642
3644
3645
3646
3648
3650
3651
3656
3658
3660
3661
3662
3663
3664
3665
3670
3671
3673
3680
3681
3682
3684
3685
3689
3690
3692
3694
3696
3697
3700
3706
3707
3716
3718
3724
3726
3732
3740
3742
3743
3744
3746
3747
3749
3750
3753
3754
3756
3758
3760
3761
3763
3764
3766
3769
3770
3771
3772
3774
3775
3776
3777
3779
3781
3785
3786
3789
3791
3792
3795
3797
3800
3801
3805
3806
3807
3808
3812
3813
3814
3815
3816
3817
3818
3819
3827
3829
3830
3831
3833
3837
3838
3840
3848
3849
3850
3851
3852
3853
3854
3855
3856
3857
3858
3860
3863
3864
3865
3866
3867
3869
3870
3872
3873
3878
3879
3880
3881
3882
3883
3884
3885
3886
3887
3888
3889
3890
3891
3892
3893
3894
3895
3898
3899
3902
3903
3904
3907
3908
3912
3914
3915
3918
3920
3921
3925
3928
3931
3933
3934
3937
3939
3941
3945
3946
3949
3958
3959
3961
3962
3966
3967
3970
3973
3974
3975
3976
3977
3984
3988
3992
3995
3996
3997
3998
3999
4002
4004
4005
4006
4007
4008
4012
4013
4014
4016
4018
4019
4020
4021
4024
4026
4027
4028
4029
4030
4031
4033
4034
4038
4040
4042
4043
4045
4047
4048
4050
4052
4054
4055
4059
4062
4068
4069
4072
4075
4078
4080
4081
4082
4086
4087
4088
4089
4094
4095
4096
4099
4101
4108
4110
4111
4112
4113
4114
4116
4117
4119
4120
4122
4124
4125
4126
4128
4129
4131
4135
4136
4137
4141
4142
4143
4144
4146
4147
4148
4150
4151
4152
4155
4156
4160
4161
4163
4164
4165
4171
4176
4177
4180
4181
4184
4185
4186
4187
4188
4189
4191
4193
4195
4197
4198
4199
4203
4204
4206
4207
4208
4209
4214
4216
4217
4218
4219
4223
4225
4226
4227
4232
4233
4235
4241
4244
4245
4248
4249
4251
4253
4256
4259
4261
4262
4264
4265
4267
4268
4270
4274
4276
4277
4279
4285
4288
4289
4291
4297
4300
4302
4303
4304
4305
4307
4311
4313
4314
4315
4317
4318
4321
4322
4323
4324
4330
4331
4335
4337
4339
4341
4342
4344
4345
4352
4353
4354
4355
4356
4358
4362
4363
4365
4369
4370
4373
4376
4377
4380
4382
4383
4385
4387
4389
4391
4394
4395
4399
4401
4403
4406
4407
4414
4419
4420
4424
4426
4430
4431
4433
4438
4439
4443
4445
4449
4451
4453
4455
4456
4457
4458
4462
4467
4468
4469
4470
4471
4472
4473
4475
4478
4479
4480
4482
4488
4491
4492
4493
4495
4496
4499
4500
4505
4506
4507
4509
4510
4511
4513
4515
4516
4517
4518
4519
4520
4525
4526
4527
4529
4532
4534
4535
4536
4537
4540
4542
4543
4544
4546
4547
4549
4551
4554
4558
4562
4564
4565
4566
4567
4568
4570
4571
4572
4573
4576
4579
4580
4582
4583
4584
4589
4595
4596
4597
4598
4599
4605
4606
4610
4611
4612
4613
4614
4615
4617
4619
4620
4621
4626
4627
4628
4631
4632
4633
4634
4636
4640
4641
4643
4645
4646
4647
4648
4650
4652
4653
4655
4658
4659
4660
4662
4664
4665
4666
4670
4671
4672
4676
4677
4678
4679
4682
4685
4686
4688
4691
4693
4695
4696
4697
4699
4700
4701
4702
4703
4704
4705
4706
4708
4710
4712
4715
4717
4719
4721
4722
4723
4730
4733
4734
4735
4737
4739
4741
4744
4747
4749
4750
4751
4752
4753
4754
4756
4757
4758
4760
4761
4762
4763
4764
4767
4768
4769
4770
4773
4774
4776
4778
4785
4786
4787
4789
4795
4796
4797
4798
4802
4803
4805
4807
4808
4810
4813
4814
4815
4818
4819
4820
4821
4822
4824
4825
4828
4830
4832
4837
4838
4841
4842
4844
4845
4846
4850
4851
4852
4853
4854
4855
4857
4858
4860
4861
4862
4863
4865
4869
4873
4876
4880
4881
4884
4885
4886
4887
4890
4895
4897
4903
4904
4907
4908
4909
4913
4914
4915
4919
4921
4923
4924
4925
4926
4930
4931
4932
4934
4935
4936
4937
4940
4942
4943
4946
4948
4949
4950
4953
4954
4957
4958
4961
4962
4965
4967
4968
4969
4970
4971
4973
4975
4976
4977
4979
4980
4983
4985
4986
4989
4990
4993
4994
4996
4998
5001
5002
5012
5013
5014
5015
5018
5019
5020
5023
5025
5026
5029
5034
5040
5042
5043
5045
5047
5048
5050
5051
5052
5055
5056
5059
5063
5064
5065
5069
5070
5071
5073
5075
5078
5079
5082
5083
5085
5088
5091
5092
5093
5094
5095
5097
5101
5103
5104
5107
5109
5110
5112
5113
5115
5116
5119
5121
5123
5124
5125
5132
5134
5135
5136
5139
5141
5143
5144
5145
5147
5154
5155
5156
5157
5158
5160
5161
5162
5166
5167
5169
5170
5173
5174
5178
5179
5180
5182
5183
5184
5187
5188
5191
5195
5196
5197
5199
5203
5205
5210
5211
5213
5214
5215
5217
5221
5222
5223
5226
5227
5229
5230
5232
5235
5237
5240
5242
5243
5244
5250
5252
5253
5254
5256
5257
5258
5259
5260
5261
5264
5270
5272
5273
5274
5275
5277
5278
5279
5281
5282
5284
5285
5288
5289
5291
5292
5293
5296
5297
5301
5309
5310
5312
5313
5316
5318
5322
5324
5325
5326
5327
5328
5331
5333
5336
5338
5342
5347
5352
5353
5354
5356
5357
5362
5363
5364
5365
5368
5369
5371
5372
5373
5375
5376
5377
5378
5379
5380
5388
5390
5392
5393
5394
5396
5397
5398
5400
5401
5402
5405
5408
5410
5412
5413
5414
5415
5420
5421
5422
5423
5425
5428
5429
5430
5431
5432
5435
5436
5438
5440
5441
5442
5445
5449
5450
5452
5457
5460
5461
5463
5467
5469
5470
5474
5478
5480
5481
5487
5488
5489
5490
5492
5493
5494
5496
5498
5499
5500
5501
5505
5506
5508
5513
5517
5518
5520
5522
5523
5527
5531
5532
5539
5540
5544
5545
5547
5549
5550
5551
5552
5553
5556
5557
5558
5564
5565
5566
5567
5568
5571
5572
5574
5576
5577
5578
5580
5586
5587
5589
5592
5593
5596
5598
5600
5601
5606
5612
5613
5614
5617
5618
5620
5623
5626
5629
5631
5633
5634
5636
5637
5641
5642
5643
5644
5645
5649
5650
5655
5656
5657
5659
5660
5663
5664
5668
5670
5671
5675
5676
5677
5679
5680
5681
5683
5684
5685
5686
5688
5690
5692
5693
5695
5696
5697
5698
5700
5702
5705
5708
5712
5715
5718
5720
5722
5727
5729
5730
5731
5732
5736
5737
5738
5740
5748
5750
5752
5753
5754
5756
5758
5759
5760
5763
5768
5772
5773
5774
5777
5778
5781
5785
5786
5788
5789
5790
5792
5794
5796
5797
5798
5800
5801
5805
5807
5811
5813
5815
5817
5818
5820
5821
5825
5828
5831
5837
5838
5839
5840
5842
5845
5846
5847
5851
5852
5853
5854
5856
5858
5859
5863
5864
5865
5869
5870
5872
5873
5874
5877
5883
5888
5889
5894
5895
5896
5899
5901
5902
5903
5912
5913
5914
5917
5918
5919
5922
5924
5927
5929
5930
5932
5933
5937
5938
5940
5941
5942
5943
5947
5950
5951
5953
5956
5957
5960
5961
5966
5975
5978
5983
5984
5985
5987
5989
5990
5991
6000
6004
6006
6007
6008
6009
6010
6011
6018
6021
6024
6025
6027
6028
6029
6030
6034
6037
6039
6040
6041
6042
6047
6048
6050
6060
6064
6065
6068
6069
6072
6074
6075
6076
6079
6086
6087
6091
6094
6095
6100
6102
6104
6105
6122
6125
6126
6127
6129
6131
6134
6135
6143
6145
6146
6148
6153
6154
6155
6160
6162
6166
6168
6169
6174
6175
6176
6177
6178
6180
6185
6186
6187
6192
6197
6199
6201
6204
6205
6207
6214
6215
6216
6219
6223
6227
6228
6230
6235
6239
6240
6241
6243
6245
6247
6254
6255
6256
6258
6262
6265
6268
6269
6270
6271
6273
6274
6277
6279
6280
6284
6285
6287
6290
6291
6292
6294
6295
6301
6302
6304
6308
6312
6314
6315
6320
6321
6327
6328
6330
6332
6334
6338
6339
6343
6345
6347
6348
6349
6351
6352
6355
6358
6363
6365
6366
6367
6371
6372
6377
6378
6383
6384
6385
6386
6388
6391
6394
6395
6396
6401
6402
6405
6406
6409
6410
6415
6416
6419
6420
6421
6426
6427
6431
6435
6437
6438
6440
6441
6444
6448
6450
6455
6456
6457
6458
6460
6461
6462
6463
6467
6470
6471
6476
6479
6481
6482
6485
6486
6487
6488
6489
6491
6492
6495
6496
6497
6501
6502
6503
6505
6506
6507
6514
6515
6517
6518
6521
6522
6524
6527
6528
6529
6531
6532
6533
6536
6537
6539
6540
6541
6542
6544
6549
6550
6551
6552
6556
6557
6558
6560
6565
6567
6569
6570
6571
6572
6573
6574
6579
6581
6582
6583
6585
6587
6588
6591
6592
6593
6594
6595
6596
6597
6598
6599
6600
6603
6605
6606
6608
6610
6612
6614
6615
6616
6617
6619
6622
6623
6624
6626
6627
6628
6629
6630
6631
6632
6635
6636
6638
6644
6646
6647
6650
6652
6654
6655
6659
6660
6664
6666
6670
6671
6673
6674
6675
6677
6678
6680
6683
6685
6687
6688
6689
6690
6693
6697
6699
6701
6702
6708
6715
6718
6721
6722
6723
6724
6725
6727
6728
6729
6733
6734
6737
6738
6740
6741
6742
6743
6745
6747
6748
6749
6750
6752
6764
6765
6766
6767
6768
6769
6770
6772
6774
6780
6781
6783
6786
6790
6791
6792
6799
6800
6804
6805
6806
6810
6812
6819
6821
6823
6826
6827
6828
6830
6832
6834
6836
6840
6842
6843
6848
6853
6856
6860
6863
6864
6865
6867
6871
6873
6878
6879
6881
6882
6883
6884
6885
6886
6892
6896
6898
6900
6906
6907
6909
6913
6914
6917
6919
6921
6926
6927
6928
6931
6932
6937
6938
6940
6943
6945
6946
6947
6950
6951
6953
6954
6955
6958
6960
6961
6964
6966
6967
6974
6975
6977
6979
6984
6987
6988
6990
6992
6993
6994
6996
6997
6999
7001
7003
7010
7013
7014
7017
7018
7019
7021
7023
7024
7026
7029
7030
7034
7035
7036
7040
7041
7045
7047
7048
7053
7054
7055
7057
7062
7063
7064
7067
7069
7070
7071
7073
7075
7077
7078
7079
7082
7083
7084
7085
7088
7090
7092
7093
7097
7099
7104
7105
7107
7111
7112
7114
7116
7118
7121
7129
7132
7135
7136
7137
7139
7140
7141
7144
7146
7147
7151
7153
7159
7163
7164
7166
7167
7169
7171
7175
7176
7182
7183
7189
7190
7194
7200
7201
7203
7204
7205
7207
7208
7209
7213
7215
7218
7219
7220
7224
7225
7227
7229
7230
7232
7235
7237
7238
7239
7242
7243
7244
7245
7248
7250
7254
7255
7259
7261
7265
7268
7270
7272
7274
7275
7277
7278
7280
7281
7282
7284
7285
7286
7287
7290
7292
7293
7294
7295
7296
7299
7301
7303
7304
7307
7312
7316
7319
7322
7323
7325
7328
7329
7332
7333
7338
7340
7341
7343
7345
7346
7348
7349
7350
7352
7353
7354
7356
7360
7362
7363
7365
7366
7368
7369
7370
7374
7376
7377
7381
7383
7385
7387
7388
7389
7392
7393
7394
7400
7401
7403
7404
7414
7415
7424
7426
7429
7430
7431
7433
7434
7436
7445
7447
7452
7453
7454
7455
7456
7457
7458
7459
7462
7463
7466
7470
7476
7477
7479
7480
7481
7482
7483
7484
7485
7487
7492
7495
7496
7498
7502
7504
7506
7507
7509
7510
7511
7514
7518
7519
7520
7521
7522
7523
7524
7525
7526
7527
7529
7530
7532
7536
7544
7545
7546
7550
7553
7557
7559
7560
7562
7563
7567
7570
7571
7572
7573
7575
7576
7578
7586
7587
7590
7591
7592
7594
7595
7596
