1
5
6
7
10
11
14
15
18
19
20
21
23
25
31
33
34
37
39
40
44
46
48
49
51
52
55
57
59
63
65
70
72
77
78
79
81
82
85
86
89
91
92
93
94
95
96
98
99
100
101
102
103
105
106
108
109
112
114
115
116
119
120
121
122
124
125
127
128
130
131
132
133
136
137
139
142
146
147
148
149
151
153
156
157
158
161
162
170
172
182
184
186
187
188
189
190
191
195
197
199
200
201
204
205
206
208
212
215
216
218
219
220
221
222
223
225
226
227
228
230
231
232
233
234
238
239
240
241
243
246
247
249
250
254
258
259
261
270
271
274
275
276
277
279
283
284
285
288
289
290
292
293
294
296
298
299
302
303
306
307
308
312
313
314
318
319
325
326
328
329
330
332
335
337
339
340
341
343
344
345
346
355
359
361
366
367
370
371
373
377
379
381
383
384
389
391
392
393
395
396
399
401
402
403
404
405
406
407
408
410
411
413
415
417
418
419
424
427
428
433
434
435
437
438
440
442
443
444
446
447
450
453
457
463
464
466
468
469
470
472
473
478
479
482
484
487
488
489
490
492
496
497
498
499
505
506
509
512
513
514
516
518
521
524
526
530
534
536
537
538
539
540
541
542
544
546
547
549
550
553
555
558
559
560
561
562
564
566
567
568
569
570
572
573
576
580
585
586
587
592
594
595
601
608
609
610
611
612
613
618
621
622
623
626
633
634
635
636
637
642
643
645
646
649
652
653
657
659
661
665
666
667
675
677
678
680
681
682
686
688
690
691
695
696
698
699
700
703
704
706
710
711
715
718
722
723
724
725
727
728
729
732
733
734
735
736
737
739
741
743
747
751
754
755
756
757
758
759
762
763
764
765
766
769
771
773
775
776
777
778
779
780
781
782
786
787
788
793
794
797
798
801
802
804
805
806
807
808
809
810
813
814
815
819
821
829
831
832
835
839
842
843
848
850
856
858
860
861
863
865
866
867
868
870
871
873
874
876
877
882
883
886
889
891
898
899
900
901
902
905
908
910
911
913
914
915
919
924
926
927
930
931
934
937
938
948
956
957
960
961
964
967
968
969
971
972
973
977
978
979
980
984
985
986
988
989
991
994
995
998
1000
1006
1007
1010
1014
1015
1016
1017
1018
1019
1020
1021
1023
1026
1027
1029
1030
1031
1033
1036
1038
1040
1042
1045
1047
1049
1050
1054
1059
1061
1062
1063
1064
1065
1066
1068
1069
1071
1072
1074
1076
1078
1079
1083
1086
1087
1090
1094
1095
1098
1099
1104
1107
1108
1110
1112
1118
1126
1127
1128
1130
1132
1134
1135
1136
1137
1139
1141
1142
1143
1145
1147
1148
1149
1153
1156
1157
1159
1161
1164
1165
1168
1169
1170
1171
1177
1180
1183
1185
1190
1191
1194
1198
1199
1201
1204
1205
1206
1208
1211
1213
1214
1215
1216
1217
1218
1222
1224
1226
1228
1229
1231
1233
1235
1236
1238
1243
1245
1247
1248
1249
1250
1252
1254
1257
1259
1261
1265
1269
1275
1277
1282
1284
1285
1287
1288
1289
1290
1291
1294
1295
1297
1300
1301
1303
1306
1307
1308
1309
1310
1312
1313
1314
1316
1320
1321
1323
1328
1330
1332
1333
1335
1336
1338
1339
1342
1345
1346
1347
1352
1353
1356
1358
1359
1360
1361
1362
1363
1364
1365
1366
1367
1368
1369
1370
1372
1373
1374
1375
1380
1383
1385
1389
1390
1391
1393
1394
1395
1396
1397
1399
1401
1406
1408
1409
1412
1415
1416
1418
1420
1423
1424
1426
1427
1429
1432
1434
1435
1436
1439
1443
1444
1446
1451
1452
1454
1456
1458
1460
1463
1465
1466
1469
1471
1473
1474
1478
1481
1486
1491
1493
1495
1496
1499
1502
1504
1508
1509
1511
1512
1515
1517
1518
1519
1521
1523
1526
1528
1529
1531
1532
1533
1536
1539
1545
1549
1553
1554
1556
1557
1558
1560
1561
1562
1563
1566
1567
1571
1572
1574
1575
1576
1581
1584
1586
1587
1590
1591
1592
1594
1596
1597
1599
1602
1605
1606
1607
1610
1611
1613
1617
1618
1620
1621
1622
1623
1627
1629
1633
1634
1636
1638
1640
1642
1644
1646
1649
1652
1658
1660
1661
1662
1663
1664
1665
1666
1667
1668
1669
1676
1677
1678
1680
1681
1683
1684
1685
1686
1688
1689
1693
1694
1695
1697
1698
1701
1703
1704
1712
1714
1715
1716
1719
1720
1721
1722
1723
1726
1729
1732
1733
1736
1737
1738
1739
1742
1743
1748
1750
1751
1753
1754
1755
1759
1761
1762
1763
1767
1769
1772
1773
1776
1782
1784
1785
1788
1789
1792
1794
1795
1797
1798
1800
1801
1803
1806
1807
1815
1817
1819
1823
1826
1827
1831
1833
1834
1837
1839
1841
1842
1844
1847
1848
1854
1857
1858
1862
1863
1867
1868
1869
1871
1872
1873
1874
1876
1880
1881
1884
1885
1887
1891
1892
1896
1901
1906
1907
1910
1912
1914
1916
1920
1921
1928
1929
1931
1933
1934
1935
1936
1937
1938
1939
1940
1942
1944
1946
1947
1949
1951
1952
1953
1954
1956
1959
1960
1965
1969
1970
1977
1978
1980
1983
1984
1985
1988
1991
1992
1994
1996
1999
2001
2008
2010
2011
2014
2015
2017
2020
2022
2023
2025
2029
2031
2035
2036
2037
2040
2045
2046
2048
2049
2050
2056
2057
2058
2059
2061
2065
2066
2072
2073
2074
2075
2080
2083
2085
2086
2087
2088
2093
2094
2097
2102
2105
2107
2108
2109
2110
2111
2113
2114
2115
2118
2119
2121
2123
2124
2125
2126
2128
2130
2132
2136
2137
2138
2139
2143
2146
2148
2149
2151
2153
2154
2157
2158
2160
2163
2164
2166
2167
2168
2171
2172
2174
2178
2180
2181
2186
2187
2190
2192
2194
2195
2198
2199
2200
2202
2203
2205
2208
2211
2217
2221
2225
2226
2227
2228
2231
2232
2234
2238
2240
2247
2249
2250
2255
2256
2257
2258
2259
2260
2261
2262
2263
2264
2265
2267
2279
2280
2284
2290
2292
2295
2297
2299
2300
2301
2302
2303
2304
2307
2308
2314
2318
2320
2321
2323
2328
2329
2331
2332
2334
2336
2339
2342
2343
2344
2346
2347
2350
2353
2356
2359
2360
2361
2362
2363
2365
2366
2367
2369
2373
2374
2376
2377
2379
2381
2382
2383
2385
2389
2390
2391
2392
2395
2396
2397
2400
2403
2404
2410
2411
2412
2415
2416
2417
2418
2419
2420
2421
2422
2424
2425
2428
2429
2431
2433
2436
2437
2443
2447
2449
2450
2453
2454
2457
2458
2463
2465
2467
2468
2470
2471
2472
2476
2478
2480
2481
2482
2486
2488
2492
2493
2494
2496
2497
2500
2501
2502
2504
2505
2506
2507
2508
2509
2514
2516
2518
2520
2523
2525
2526
2529
2530
2531
2533
2534
2535
2538
2540
2541
2543
2545
2546
2554
2556
2558
2561
2562
2564
2566
2567
2570
2571
2573
2574
2575
2577
2580
2582
2583
2585
2586
2590
2593
2596
2598
2600
2602
2605
2608
2609
2611
2613
2614
2616
2619
2624
2626
2632
2634
2635
2637
2638
2640
2641
2645
2649
2653
2654
2655
2656
2657
2658
2660
2662
2664
2666
2667
2669
2670
2674
2678
2679
2680
2685
2689
2690
2695
2698
2699
2700
2701
2702
2706
2707
2708
2711
2712
2716
2721
2722
2726
2728
2730
2732
2733
2735
2736
2738
2739
2746
2749
2750
2751
2752
2754
2755
2757
2758
2759
2761
2762
2763
2764
2765
2771
2773
2776
2780
2781
2782
2785
2787
2789
2790
2791
2792
2793
2799
2801
2802
2803
2805
2808
2810
2812
2815
2816
2817
2818
2824
2825
2826
2828
2831
2832
2833
2834
2836
2837
2838
2839
2841
2844
2845
2846
2849
2850
2851
2855
2856
2857
2858
2859
2867
2869
2874
2877
2878
2881
2884
2885
2888
2890
2891
2892
2893
2894
2896
2897
2900
2901
2902
2903
2904
2907
2908
2912
2914
2917
2918
2919
2921
2925
2926
2929
2933
2935
2936
2938
2941
2943
2944
2945
2949
2950
2955
2957
2959
2960
2962
2965
2967
2968
2974
2975
2976
2978
2979
2982
2983
2986
2988
2990
2992
2994
2997
2998
3000
3001
3004
3007
3008
3010
3012
3013
3015
3016
3019
3020
3022
3024
3030
3035
3036
3037
3039
3041
3044
3045
3047
3048
3050
3052
3054
3056
3057
3059
3062
3065
3066
3068
3071
3077
3078
3080
3081
3084
3086
3087
3088
3090
3091
3093
3094
3095
3101
3102
3103
3105
3107
3108
3111
3112
3114
3116
3117
3118
3120
3121
3123
3124
3125
3126
3128
3130
3132
3134
3135
3137
3139
3142
3145
3146
3151
3152
3154
3155
3156
3159
3160
3161
3164
3166
3167
3171
3174
3176
3177
3182
3183
3184
3185
3187
3196
3197
3200
3201
3202
3205
3206
3208
3210
3211
3212
3214
3215
3220
3221
3222
3223
3224
3225
3228
3233
3236
3237
3239
3240
3242
3245
3246
3247
3252
3258
3260
3262
3263
3265
3269
3270
3271
3281
3282
3285
3287
3289
3290
3292
3296
3297
3300
3301
3302
3303
3304
3305
3306
3307
3308
3312
3315
3316
3317
3319
3320
3322
3323
3329
3334
3335
3336
3338
3339
3343
3344
3349
3353
3355
3360
3361
3362
3364
3365
3366
3369
3373
3375
3377
3378
3379
3384
3385
3387
3388
3391
3394
3395
3397
3398
3401
3402
3404
3405
3408
3409
3415
3418
3420
3422
3424
3425
3427
3430
3433
3442
3444
3445
3448
3450
3451
3453
3457
3458
3460
3462
3463
3465
3466
3467
3468
3471
3472
3478
3479
3481
3482
3483
3487
3488
3489
3490
3493
3496
3498
3499
3500
3502
3503
3504
3506
3508
3510
3511
3512
3515
3521
3523
3524
3525
3526
3527
3528
3530
3532
3533
3534
3535
3536
3537
3538
3541
3542
3544
3545
3546
3552
3553
3556
3561
3562
3564
3565
3568
3569
3570
3571
3573
3577
3581
3585
3588
3589
3592
3594
3595
3597
3599
3605
3606
3607
3612
3617
3623
3624
3625
3627
3628
3630
3631
3637
3639
3646
3649
3650
3652
3653
3655
3658
3659
3660
3661
3662
3665
3668
3670
3674
3675
3680
3683
3685
3689
3690
3694
3697
3698
3702
3706
3708
3709
3714
3716
3717
3718
3719
3720
3722
3728
3731
3732
3733
3738
3739
3743
3744
3747
3749
3752
3754
3758
3762
3766
3768
3770
3772
3773
3775
3776
3778
3781
3787
3789
3790
3791
3792
3793
3794
3795
3796
3801
3808
3810
3812
3814
3819
3820
3823
3824
3825
3826
3827
3828
3829
3834
3835
3837
3838
3841
3842
3843
3844
3845
3847
3848
3849
3850
3851
3855
3856
3857
3860
3861
3862
3867
3869
3874
3875
3876
3877
3878
3879
3881
3883
3885
3887
3891
3892
3895
3896
3898
3899
3901
3903
3904
3905
3909
3910
3912
3913
3914
3915
3919
3921
3922
3924
3926
3931
3937
3938
3939
3940
3943
3948
3949
3952
3956
3957
3961
3962
3966
3967
3968
3969
3970
3973
3976
3977
3978
3979
3980
3982
3984
3985
3986
3990
3991
3992
3993
3995
3997
3998
4000
4002
4004
4006
4008
4010
4012
4013
4014
4016
4017
4018
4019
4023
4026
4027
4029
4030
4031
4032
4033
4034
4035
4038
4039
4042
4044
4046
4047
4049
4050
4051
4052
4054
4055
4059
4060
4064
4067
4072
4073
4074
4075
4076
4077
4080
4081
4082
4088
4091
4095
4102
4104
4105
4107
4109
4111
4112
4114
4115
4116
4117
4118
4119
4121
4123
4126
4134
4135
4137
4139
4141
4142
4143
4144
4145
4147
4151
4152
4153
4154
4158
4159
4160
4165
4166
4170
4174
4175
4180
4183
4184
4185
4187
4189
4190
4191
4194
4196
4198
4199
4200
4201
4202
4207
4208
4211
4212
4214
4217
4219
4224
4230
4233
4234
4240
4241
4242
4243
4244
4245
4246
4247
4250
4251
4254
4256
4258
4260
4262
4267
4269
4274
4275
4276
4277
4281
4283
4285
4286
4290
4299
4302
4303
4306
4307
4309
4311
4314
4315
4318
4320
4325
4326
4329
4331
4333
4334
4337
4339
4340
4342
4343
4344
4348
4349
4354
4357
4358
4360
4364
4366
4368
4369
4370
4374
4375
4376
4377
4380
4381
4383
4384
4385
4387
4388
4390
4391
4392
4394
4395
4396
4398
4399
4400
4402
4403
4406
4410
4411
4412
4415
4416
4417
4418
4421
4422
4428
4432
4435
4436
4439
4444
4445
4449
4450
4451
4453
4455
4460
4463
4466
4467
4468
4469
4473
4478
4479
4480
4481
4484
4486
4489
4490
4503
4507
4508
4510
4513
4515
4517
4518
4520
4521
4522
4523
4524
4525
4530
4531
4532
4533
4534
4535
4539
4540
4544
4547
4549
4551
4552
4553
4555
4556
4560
4566
4567
4572
4573
4575
4576
4577
4578
4585
4587
4591
4596
4597
4599
4600
4601
4603
4605
4606
4609
4610
4622
4630
4631
4636
4638
4639
4640
4641
4642
4643
4645
4648
4649
4652
4653
4656
4657
4659
4663
4665
4666
4670
4671
4672
4675
4676
4678
4680
4681
4682
4685
4686
4687
4688
4689
4691
4692
4693
4695
4698
4702
4707
4709
4710
4712
4714
4715
4716
4717
4719
4720
4722
4723
4725
4728
4730
4732
4733
4734
4737
4738
4743
4746
4747
4748
4751
4758
4759
4760
4762
4764
4769
4770
4773
4774
4776
4777
4780
4782
4783
4791
4794
4795
4799
4800
4801
4804
4805
4806
4808
4809
4810
4811
4817
4818
4823
4824
4825
4827
4828
4830
4831
4834
4837
4838
4839
4840
4843
4844
4848
4850
4852
4854
4857
4858
4859
4867
4872
4873
4875
4878
4879
4880
4881
4882
4884
4885
4886
4890
4891
4893
4896
4904
4905
4907
4908
4909
4910
4914
4916
4917
4919
4927
4928
4930
4932
4935
4937
4940
4942
4943
4946
4948
4949
4952
4956
4958
4961
4965
4966
4967
4970
4971
4975
4981
4982
4989
4995
4996
4997
5000
5001
5002
5006
5007
5010
5012
5013
5014
5015
5018
5019
5020
5024
5025
5027
5030
5031
5033
5035
5036
5037
5045
5046
5048
5049
5051
5053
5055
5056
5058
5060
5061
5063
5064
5065
5067
5068
5076
5077
5079
5080
5081
5086
5087
5088
5090
5091
5093
5094
5095
5096
5097
5100
5103
5105
5107
5110
5113
5116
5117
5120
5123
5124
5126
5133
5135
5137
5138
5141
5143
5144
5145
5148
5151
5152
5154
5158
5160
5161
5162
5164
5165
5167
5171
5173
5175
5177
5178
5182
5183
5185
5186
5189
5194
5195
5196
5197
5200
5203
5204
5205
5206
5209
5214
5215
5219
5221
5222
5224
5226
5228
5230
5234
5236
5237
5238
5239
5243
5244
5245
5246
5248
5252
5254
5255
5256
5257
5261
5262
5264
5265
5266
5268
5269
5275
5279
5280
5281
5282
5285
5286
5287
5291
5292
5293
5295
5297
5300
5302
5303
5305
5308
5309
5311
5313
5315
5317
5319
5321
5322
5323
5326
5329
5330
5334
5335
5336
5338
5340
5341
5343
5345
5346
5349
5351
5353
5355
5356
5357
5358
5360
5364
5365
5366
5368
5369
5370
5371
5372
5373
5374
5375
5378
5379
5381
5382
5383
5386
5387
5389
5393
5394
5398
5399
5401
5405
5406
5407
5411
5412
5414
5420
5421
5422
5423
5424
5428
5430
5431
5432
5434
5435
5438
5440
5444
5445
5447
5451
5453
5456
5457
5459
5461
5462
5467
5468
5469
5473
5475
5480
5481
5483
5485
5486
5487
5488
5491
5495
5496
5497
5499
5500
5502
5505
5506
5507
5510
5511
5512
5513
5516
5517
5518
5521
5522
5524
5526
5527
5529
5530
5531
5536
5540
5541
5542
5543
5544
5547
5548
5549
5550
5557
5561
5562
5563
5564
5566
5567
5568
5577
5580
5584
5587
5588
5589
5590
5594
5598
5600
5602
5609
5612
5616
5617
5621
5625
5626
5627
5629
5631
5632
5635
5640
5641
5642
5644
5645
5647
5648
5651
5652
5654
5662
5663
5667
5669
5670
5673
5674
5675
5677
5678
5679
5680
5681
5682
5683
5687
5690
5692
5694
5695
5700
5701
5702
5713
5714
5715
5717
5721
5723
5731
5732
5734
5736
5738
5739
5740
5742
5743
5744
5745
5746
5750
5751
5753
5757
5759
5760
5764
5765
5766
5769
5771
5773
5777
5778
5779
5780
5781
5782
5783
5786
5787
5788
5789
5791
5795
5798
5800
5802
5803
5809
5812
5814
5816
5817
5818
5819
5821
5824
5825
5832
5833
5835
5836
5837
5838
5839
5840
5843
5844
5846
5849
5851
5854
5856
5857
5861
5862
5863
5864
5866
5869
5871
5874
5875
5877
5880
5882
5885
5887
5888
5889
5890
5891
5892
5895
5897
5898
5899
5900
5901
5902
5907
5908
5911
5912
5913
5916
5917
5919
5920
5922
5927
5929
5931
5932
5934
5936
5938
5944
5946
5949
5954
5955
5956
5957
5958
5960
5962
5963
5964
5965
5966
5968
5969
5970
5979
5981
5982
5983
5984
5985
5986
5988
5990
5992
5994
5996
5999
6001
6002
6005
6006
6007
6008
6009
6010
6011
6013
6015
6016
6019
6021
6022
6025
6026
6027
6028
6029
6030
6031
6032
6033
6037
6039
6043
6045
6046
6047
6049
6050
6055
6058
6059
6062
6064
6065
6066
6069
6070
6071
6075
6076
6078
6082
6083
6084
6085
6087
6088
6089
6090
6093
6094
6096
6099
6100
6101
6103
6105
6107
6109
6110
6111
6112
6117
6118
6122
6124
6125
6127
6132
6135
6142
6145
6146
6150
6152
6153
6154
6156
6158
6159
6160
6161
6162
6166
6167
6169
6170
6171
6172
6174
6177
6179
6180
6181
6183
6185
6186
6187
6188
6190
6191
6192
6195
6200
6202
6203
6208
6209
6213
6216
6217
6219
6220
6221
6229
6233
6234
6235
6236
6238
6240
6241
6242
6243
6245
6246
6247
6249
6251
6254
6259
6264
6265
6266
6267
6270
6272
6276
6277
6278
6281
6282
6284
6285
6288
6289
6292
6295
6299
6300
6302
6303
6310
6313
6316
6319
6320
6321
6324
6326
6327
6329
6330
6333
6334
6337
6340
6341
6342
6343
6345
6352
6355
6356
6360
6366
6369
6370
6374
6375
6378
6379
6385
6387
6389
6393
6394
6395
6396
6398
6399
6400
6404
6407
6408
6409
6410
6411
6412
6416
6418
6419
6420
6424
6425
6427
6428
6430
6431
6432
6433
6434
6436
6437
6439
6440
6442
6445
6447
6448
6450
6451
6453
6456
6457
6458
6462
6465
6467
6468
6469
6470
6473
6474
6476
6480
6481
6482
6483
6484
6486
6488
6492
6496
6502
6503
6507
6508
6509
6511
6512
6513
6515
6517
6519
6520
6523
6525
6527
6529
6530
6531
6532
6534
6535
6536
6537
6538
6539
6540
6542
6544
6545
6546
6549
6550
6552
6553
6556
6557
6560
6563
6565
6567
6568
6569
6571
6572
6573
6577
6579
6580
6581
6582
6584
6585
6589
6590
6591
6594
6599
6601
6604
6605
6608
6610
6612
6614
6616
6618
6620
6621
6623
6627
6628
6632
6633
6634
6637
6638
6639
6640
6641
6644
6648
6650
6651
6656
6657
6659
6660
6661
6662
6668
6669
6671
6674
6675
6677
6678
6680
6683
6684
6685
6688
6689
6690
6691
6692
6693
6699
6701
6702
6703
6707
6711
6712
6713
6715
6717
6720
6723
6726
6727
6729
6730
6732
6734
6735
6736
6737
6738
6741
6745
6746
6751
6752
6754
6756
6760
6761
6762
6764
6765
6770
6775
6777
6780
6781
6783
6785
6786
6787
6788
6790
6791
6793
6795
6796
6797
6802
6803
6805
6806
6809
6810
6814
6815
6821
6825
6827
6828
6830
6831
6832
6835
6836
6842
6843
6844
6848
6850
6851
6852
6854
6860
6863
6866
6867
6868
6869
6870
6872
6873
6874
6875
6880
6882
6883
6885
6889
6891
6893
6894
6895
6900
6901
6907
6909
6910
6911
6913
6915
6916
6918
6921
6922
6926
6930
6931
6934
6939
6940
6941
6942
6943
6944
6947
6948
6950
6951
6952
6957
6958
6959
6960
6962
6964
6968
6969
6970
6972
6973
6974
6975
6977
6980
6984
6986
6990
6992
6994
6995
6996
6999
7000
7001
7002
7005
7007
7009
7012
7013
7014
7015
7018
7020
7021
7022
7026
7028
7030
7031
7033
7035
7039
7041
7043
7045
7046
7048
7049
7055
7057
7065
7066
7067
7068
7070
7075
7077
7080
7083
7085
7087
7088
7089
7091
7092
7097
7098
7100
7105
7107
7108
7112
7113
7115
7116
7118
7119
7123
7125
7127
7129
7130
7134
7135
7139
7140
7141
7145
7146
7147
7150
7152
7157
7158
7161
7162
7163
7165
7168
7169
7173
7174
7175
7176
7177
7179
7180
7184
7187
7190
7193
7194
7195
7199
7201
7207
7209
7211
7214
7215
7216
7222
7224
7227
7228
7233
7236
7238
7239
7240
7241
7243
7246
7247
7249
7251
7256
7257
7263
7264
7267
7270
7271
7272
7274
7275
7276
7278
7279
7280
7281
7282
7288
7290
7291
7292
7295
7297
7298
7300
7302
7306
7309
7310
7316
7318
7319
7322
7324
7325
7326
7327
7328
7330
7332
7334
7336
7337
7342
7344
7345
7346
7347
7349
7350
7352
7353
7355
7358
7359
7364
7369
7370
7374
7377
7381
7382
7383
7387
7388
7389
7391
7393
7394
7397
7406
7408
7409
7410
7411
7412
7413
7417
7421
7424
7426
7429
7430
7432
7433
7435
7437
7442
7445
7447
7450
7454
7456
7458
7459
7465
7466
7467
7468
7471
7472
7474
7476
7477
7478
7480
7483
7484
7488
7489
7493
7494
7495
7498
7500
7501
7504
7506
7509
7510
7516
7519
7521
7522
7523
7526
7533
7535
7537
7538
7539
7540
7541
7544
7545
7546
7547
7548
7550
7552
7554
7557
7558
7559
7560
7561
7564
7566
7572
7573
7574
7575
7576
7577
7578
7582
7584
7586
7590
7591
7593
7594
7595
