1
2
4
7
9
10
14
16
20
26
28
30
33
36
37
38
40
42
43
45
46
47
48
51
52
53
54
56
57
58
60
63
66
67
69
74
75
76
78
80
81
84
86
88
90
91
94
99
101
103
104
105
109
110
112
114
115
116
118
119
121
122
123
127
133
135
137
139
142
148
150
151
152
155
156
160
163
165
171
174
175
178
181
182
185
186
187
189
190
191
192
193
194
196
197
199
200
203
207
208
209
213
214
218
219
220
221
223
228
231
233
234
236
237
238
240
242
244
245
246
247
248
249
250
252
253
254
258
260
263
265
268
272
278
281
283
285
289
295
297
298
301
302
304
305
306
307
309
313
314
315
316
317
318
322
323
324
325
327
328
332
333
334
335
336
338
339
345
346
349
350
353
354
355
361
362
368
377
378
379
386
387
389
392
396
400
402
408
413
415
416
417
418
419
420
422
423
427
428
429
430
432
435
436
442
443
445
446
449
453
454
455
456
457
458
459
462
463
464
465
471
472
476
478
479
480
482
484
489
492
493
494
495
497
499
500
502
503
504
507
509
511
515
517
518
519
523
524
525
526
527
530
531
533
534
535
540
541
542
543
546
550
552
553
554
555
556
557
558
559
560
561
562
564
565
574
575
576
580
583
584
585
586
590
596
601
602
604
605
607
612
614
621
623
624
625
635
637
638
643
646
647
649
651
652
653
654
655
659
660
661
663
666
667
668
669
670
671
673
674
675
677
678
680
681
684
685
687
688
691
695
699
700
702
704
708
711
712
713
716
717
718
719
721
722
725
728
730
731
732
733
734
737
743
745
747
754
758
759
760
763
764
765
766
767
770
772
773
774
775
776
778
779
780
781
782
783
784
785
787
789
791
792
794
795
797
798
799
800
801
802
806
807
808
811
814
816
817
821
822
825
826
828
829
830
831
833
834
835
841
844
845
847
848
850
859
860
864
868
869
870
871
872
875
877
879
880
883
889
891
895
898
899
900
902
903
904
906
907
908
909
910
912
914
917
921
925
927
928
929
932
935
936
937
939
940
941
942
944
945
952
954
955
963
966
968
970
971
973
978
979
980
982
983
986
987
988
990
991
992
993
995
997
999
1001
1004
1005
1006
1008
1009
1010
1011
1012
1013
1015
1017
1020
1023
1024
1026
1027
1029
1031
1034
1035
1038
1040
1042
1043
1045
1046
1050
1051
1053
1055
1058
1060
1061
1063
1065
1067
1069
1071
1076
1077
1078
1079
1080
1083
1084
1085
1087
1088
1090
1092
1094
1096
1098
1100
1101
1102
1103
1105
1107
1113
1115
1117
1118
1120
1121
1122
1124
1126
1127
1131
1132
1133
1136
1142
1145
1146
1147
1154
1155
1156
1157
1163
1164
1165
1168
1169
1172
1174
1175
1176
1177
1180
1183
1184
1186
1188
1190
1196
1197
1201
1203
1205
1207
1208
1210
1211
1215
1222
1227
1228
1230
1231
1232
1234
1235
1239
1243
1244
1245
1247
1248
1250
1254
1255
1257
1259
1260
1267
1268
1270
1272
1274
1276
1277
1280
1285
1286
1288
1289
1291
1294
1295
1297
1304
1309
1312
1313
1316
1317
1318
1320
1321
1323
1324
1325
1328
1330
1331
1332
1334
1340
1341
1343
1344
1345
1349
1350
1351
1353
1354
1355
1357
1364
1367
1371
1372
1373
1377
1379
1383
1390
1391
1393
1394
1396
1398
1400
1401
1402
1404
1405
1407
1409
1412
1413
1414
1416
1418
1419
1420
1422
1428
1430
1431
1433
1434
1436
1437
1439
1442
1443
1444
1446
1448
1449
1455
1456
1458
1459
1460
1462
1464
1465
1466
1467
1469
1474
1476
1477
1478
1479
1480
1481
1482
1484
1486
1487
1489
1491
1492
1493
1494
1495
1496
1497
1502
1503
1506
1510
1512
1513
1524
1526
1532
1542
1543
1546
1551
1552
1556
1559
1560
1561
1562
1563
1564
1565
1566
1568
1569
1570
1572
1573
1574
1576
1579
1582
1584
1587
1589
1591
1592
1596
1602
1603
1604
1605
1606
1607
1608
1612
1614
1615
1618
1619
1628
1629
1630
1631
1633
1635
1640
1641
1644
1646
1652
1653
1654
1655
1656
1659
1660
1661
1663
1664
1665
1669
1672
1673
1674
1675
1679
1681
1682
1684
1686
1687
1689
1690
1692
1694
1695
1697
1700
1701
1702
1703
1704
1705
1706
1707
1708
1710
1715
1718
1719
1721
1727
1735
1736
1738
1742
1743
1749
1751
1754
1755
1756
1758
1761
1762
1764
1765
1768
1769
1770
1772
1773
1774
1775
1776
1777
1778
1779
1781
1787
1789
1791
1793
1794
1795
1796
1797
1798
1799
1801
1804
1805
1807
1810
1813
1814
1815
1817
1821
1828
1829
1830
1833
1835
1839
1841
1842
1843
1845
1846
1853
1856
1857
1858
1861
1862
1864
1865
1869
1871
1875
1876
1878
1885
1890
1891
1892
1893
1894
1898
1900
1901
1903
1905
1910
1912
1913
1917
1921
1922
1928
1931
1933
1935
1936
1938
1941
1943
1946
1947
1949
1950
1954
1955
1956
1958
1962
1963
1964
1965
1966
1970
1973
1974
1975
1976
1984
1985
1989
1991
1993
1997
1998
2000
2002
2007
2008
2009
2010
2011
2012
2013
2015
2017
2020
2021
2022
2028
2030
2032
2033
2035
2036
2037
2038
2039
2040
2041
2042
2046
2047
2048
2049
2051
2057
2060
2063
2065
2066
2067
2071
2072
2074
2075
2077
2079
2080
2081
2085
2086
2088
2090
2091
2092
2094
2095
2098
2100
2101
2102
2103
2104
2105
2106
2107
2108
2109
2110
2111
2114
2115
2116
2117
2122
2129
2134
2135
2139
2141
2142
2143
2144
2149
2150
2152
2154
2157
2161
2163
2167
2170
2171
2172
2175
2176
2177
2179
2182
2187
2189
2192
2193
2198
2199
2200
2201
2202
2205
2207
2208
2214
2216
2219
2221
2222
2224
2225
2226
2227
2228
2230
2232
2233
2234
2241
2246
2247
2249
2250
2251
2252
2254
2259
2263
2264
2269
2270
2271
2272
2273
2274
