0
1
2
14
15
16
17
19
20
23
25
33
34
37
42
44
46
47
51
52
58
59
60
61
63
65
67
68
70
71
73
75
76
77
78
81
82
84
86
91
92
99
100
101
104
106
107
109
110
111
113
115
116
117
118
119
121
123
125
129
130
132
134
135
136
138
139
141
142
143
144
146
147
148
150
152
153
154
155
157
158
159
161
162
164
165
172
173
175
178
180
184
185
186
188
190
191
193
196
197
199
202
203
204
205
207
208
210
212
213
215
216
217
219
222
224
226
227
228
231
232
234
236
239
244
247
248
250
252
255
256
257
258
259
260
262
265
269
271
274
275
276
277
278
280
286
289
291
292
294
295
304
307
308
310
311
312
314
317
318
319
323
324
326
331
332
335
336
337
338
339
340
342
344
345
350
351
352
356
360
363
364
365
367
371
372
375
381
382
386
389
390
391
394
395
396
401
402
404
405
406
407
409
410
411
413
417
419
421
423
426
427
429
430
431
434
436
439
441
445
449
451
452
453
455
459
461
462
463
464
467
469
471
472
473
474
475
480
483
485
486
487
488
491
494
495
497
499
503
504
508
509
511
516
520
523
524
526
527
528
530
532
533
534
537
538
539
543
544
551
553
556
557
560
563
566
570
572
573
574
576
580
582
586
587
590
592
594
596
597
601
602
604
605
608
609
612
614
615
617
618
620
622
623
624
625
626
627
629
632
634
635
636
637
641
642
645
646
648
653
656
657
658
661
662
664
665
666
669
671
674
675
679
683
684
685
687
693
694
696
698
699
701
703
704
705
708
710
711
712
713
714
718
721
722
723
725
726
727
729
735
736
738
742
744
748
750
754
760
765
766
769
770
772
773
774
775
780
783
784
785
786
788
790
795
798
800
801
803
804
806
809
811
813
814
815
816
817
818
819
821
824
825
827
828
831
832
833
835
837
839
840
841
843
845
846
851
852
853
854
856
858
859
860
862
863
869
870
871
874
876
878
879
882
885
886
887
889
890
891
894
899
900
904
905
907
909
910
911
917
918
919
920
923
924
928
931
933
934
935
937
938
943
944
950
954
956
958
962
963
964
965
966
967
968
972
975
977
978
981
982
984
990
991
994
997
999
1000
1001
1002
1004
1005
1006
1007
1009
1012
1014
1016
1017
1018
1021
1023
1024
1025
1026
1028
1029
1035
1036
1040
1046
1051
1054
1056
1058
1060
1062
1064
1066
1069
1070
1072
1073
1074
1075
1077
1078
1079
1083
1084
1085
1091
1092
1093
1102
1103
1104
1106
1112
1113
1115
1117
1119
1120
1121
1128
1130
1132
1134
1140
1142
1143
1146
1147
1148
1149
1150
1151
1153
1156
1157
1162
1164
1165
1169
1170
1171
1172
1178
1183
1185
1187
1189
1190
1192
1193
1195
1196
1197
1198
1201
1202
1205
1208
1209
1210
1211
1214
1217
1218
1219
1220
1221
1224
1225
1227
1231
1233
1235
1236
1238
1239
1241
1242
1245
1249
1250
1253
1255
1258
1263
1264
1266
1267
1268
1269
1270
1273
1275
1276
1277
1280
1283
1286
1288
1289
1291
1298
1299
1301
1302
1303
1305
1309
1310
1312
1313
1314
1315
1321
1323
1324
1325
1326
1327
1329
1330
1333
1341
1342
1343
1346
1348
1350
1352
1353
1363
1365
1366
1367
1368
1369
1371
1372
1373
1375
1376
1377
1378
1381
1382
1386
1387
1389
1391
1393
1394
1397
1403
1404
1407
1409
1413
1417
1419
1420
1422
1424
1426
1427
1430
1432
1434
1436
1439
1440
1441
1443
1444
1451
1460
1463
1464
1465
1469
1470
1472
1477
1479
1481
1488
1489
1490
1493
1494
1498
1502
1503
1507
1508
1509
1510
1512
1513
1514
1515
1516
1518
1519
1521
1522
1523
1524
1528
1531
1532
1534
1538
1539
1542
1543
1544
1545
1548
1551
1553
1555
1558
1560
1561
1562
1563
1564
1568
1569
1572
1573
1575
1576
1578
1579
1580
1581
1582
1583
1586
1587
1589
1591
1593
1595
1598
1601
1602
1604
1606
1609
1611
1618
1619
1620
1621
1625
1626
1637
1638
1639
1640
1641
1643
1645
1646
1647
1648
1651
1656
1665
1666
1669
1670
1674
1675
1677
1679
1680
1683
1685
1687
1689
1690
1692
1693
1695
1697
1698
1700
1702
1703
1708
1712
1713
1716
1718
1719
1720
1722
1723
1733
1735
1736
1738
1739
1740
1741
1742
1744
1749
1754
1757
1758
1759
1761
1767
1771
1772
1773
1774
1775
1776
1778
1779
1782
1784
1788
1792
1793
1794
1795
1796
1798
1800
1804
1805
1808
1809
1811
1813
1814
1815
1816
1817
1819
1820
1821
1824
1825
1827
1830
1834
1836
1837
1838
1840
1841
1843
1844
1849
1851
1856
1858
1859
1866
1868
1869
1870
1871
1872
1875
1879
1880
1881
1883
1884
1888
1894
1896
1897
1898
1899
1900
1901
1902
1903
1904
1906
1907
1908
1911
1913
1914
1926
1927
1928
1929
1932
1941
1943
1946
1947
1948
1950
1953
1958
1960
1961
1963
1964
1968
1970
1971
1972
1973
1974
1976
1978
1980
1985
1989
1990
1991
1992
1993
2000
2005
2006
2010
2013
2015
2017
2020
2023
2024
2025
2028
2029
2031
2032
2036
2038
2042
2043
2044
2045
2050
2051
2054
2056
2057
2059
2061
2062
2065
2068
2069
2074
2075
2079
2082
2083
2084
2086
2087
2096
2098
2099
2101
2104
2106
2108
2109
2111
2115
2117
2119
2122
2125
2126
2127
2129
2130
2131
2132
2133
2137
2141
2145
2146
2148
2149
2151
2152
2153
2155
2157
2161
2162
2163
2164
2167
2169
2170
2172
2173
2175
2176
2177
2178
2179
2182
2183
2184
2185
2186
2192
2193
2194
2196
2197
2198
2200
2201
2202
2204
2205
2207
2208
2209
2211
2213
2214
2217
2218
2219
2220
2221
2222
2224
2225
2226
2227
2228
2234
2236
2246
2247
2249
2250
2251
2253
2255
2256
2258
2260
2261
2263
2264
2265
2266
2270
2272
2273
2274
