0
1
3
4
5
7
8
9
10
11
15
17
18
19
20
21
24
25
27
28
31
36
37
38
42
43
45
47
48
50
51
54
55
56
57
61
63
64
67
70
72
75
77
78
80
83
85
88
89
95
96
97
98
99
104
107
108
109
112
115
117
118
121
123
125
132
133
134
139
140
145
146
148
149
150
151
152
154
156
157
158
159
160
161
162
166
167
168
172
175
178
181
182
183
188
191
193
194
195
196
199
201
203
211
212
213
217
218
220
224
227
229
231
234
238
243
246
247
248
250
251
253
256
258
259
263
267
268
272
274
275
276
277
278
280
284
285
291
294
296
297
298
301
303
307
310
312
315
318
319
320
321
322
323
326
327
328
331
332
340
342
345
346
348
349
352
354
356
361
363
365
366
367
368
369
370
378
379
380
381
382
383
384
386
388
389
390
392
394
396
402
403
405
408
411
412
415
417
418
422
423
424
426
430
431
432
433
435
438
440
441
442
446
448
449
451
454
455
456
457
460
463
467
470
471
472
473
474
479
482
483
489
490
493
497
498
499
500
503
506
509
510
511
515
517
518
519
521
528
529
532
534
535
538
539
541
542
544
546
549
550
552
554
555
558
561
562
566
567
568
569
570
572
574
575
576
577
578
582
583
586
594
595
597
598
599
602
605
606
609
611
613
617
618
621
626
629
631
632
633
635
636
637
638
639
642
644
646
650
651
653
655
658
660
661
663
665
667
668
671
673
675
677
678
679
681
683
685
686
690
694
695
698
699
700
701
704
707
715
716
717
719
721
722
727
728
731
732
733
734
737
738
739
740
741
745
746
747
748
750
752
755
756
760
761
762
763
764
765
766
769
771
772
776
778
779
780
781
782
783
785
787
792
793
794
795
797
798
799
801
802
803
806
807
809
811
812
814
816
820
822
823
824
825
826
827
831
832
836
837
839
840
843
845
847
850
851
857
858
860
862
864
870
872
873
874
875
877
880
881
889
892
894
897
898
899
900
901
905
908
909
910
916
919
921
924
926
927
929
930
932
935
937
940
942
944
945
948
949
950
951
954
957
960
961
962
963
964
967
969
970
971
973
974
975
977
980
985
987
988
992
996
997
999
1003
1004
1005
1009
1010
1011
1015
1016
1020
1021
1022
1023
1025
1026
1029
1033
1035
1036
1038
1039
1040
1042
1044
1045
1049
1051
1052
1054
1057
1059
1060
1062
1063
1064
1066
1067
1070
1071
1072
1083
1084
1086
1087
1092
1093
1094
1099
1101
1102
1103
1105
1106
1107
1109
1114
1115
1116
1117
1118
1123
1125
1126
1128
1129
1130
1135
1136
1137
1139
1140
1141
1143
1144
1145
1148
1149
1150
1151
1154
1155
1157
1158
1159
1161
1163
1165
1167
1168
1169
1170
1173
1174
1175
1177
1185
1186
1188
1189
1190
1192
1193
1197
1199
1202
1204
1205
1211
1212
1215
1216
1218
1219
1220
1223
1225
1228
1229
1232
1237
1240
1241
1245
1246
1251
1253
1256
1257
1258
1261
1263
1264
1265
1266
1269
1273
1275
1276
1278
1282
1284
1287
1288
1289
1291
1295
1296
1297
1298
1299
1300
1301
1303
1304
1306
1309
1312
1313
1314
1315
1318
1319
1324
1328
1331
1332
1333
1335
1336
1339
1341
1343
1347
1353
1356
1359
1360
1361
1364
1366
1369
1370
1372
1373
1376
1381
1382
1383
1392
1393
1398
1402
1405
1406
1409
1411
1414
1417
1420
1423
1425
1426
1433
1434
1435
1437
1439
1442
1444
1446
1447
1450
1453
1454
1456
1459
1460
1462
1463
1465
1467
1468
1469
1470
1472
1476
1477
1479
1480
1482
1483
1485
1487
1488
1492
1493
1494
1499
1502
1503
1505
1507
1508
1509
1510
1512
1513
1514
1515
1518
1519
1523
1524
1525
1529
1530
1532
1533
1534
1536
1537
1539
1542
1543
1544
1548
1549
1550
1551
1552
1554
1557
1559
1561
1565
1566
1568
1569
1570
1571
1574
1575
1577
1578
1582
1589
1592
1593
1595
1596
1598
1599
1601
1602
1604
1605
1606
1608
1609
1610
1614
1615
1616
1617
1618
1620
1622
1623
1625
1627
1628
1629
1630
1631
1632
1633
1636
1638
1639
1640
1642
1644
1649
1650
1652
1653
1654
1656
1663
1665
1669
1671
1673
1675
1677
1678
1679
1681
1682
1688
1690
1692
1694
1696
1698
1701
1704
1707
1713
1714
1716
1717
1719
1720
1721
1723
1724
1726
1728
1729
1730
1734
1737
1738
1739
1741
1742
1743
1745
1750
1751
1752
1754
1755
1760
1762
1763
1768
1769
1774
1775
1776
1777
1778
1779
1781
1782
1784
1788
1789
1792
1793
1794
1795
1797
1798
1803
1804
1805
1806
1807
1809
1813
1817
1818
1821
1822
1823
1824
1830
1833
1837
1839
1842
1843
1845
1846
1847
1848
1850
1851
1852
1854
1855
1857
1858
1861
1862
1863
1865
1866
1868
1869
1870
1878
1879
1883
1885
1886
1890
1896
1898
1900
1903
1904
1905
1907
1908
1909
1911
1912
1913
1914
1915
1919
1921
1922
1923
1926
1927
1929
1930
1931
1932
1934
1941
1944
1950
1951
1953
1954
1955
1959
1960
1961
1964
1966
1972
1973
1980
1981
1982
1985
1991
1994
1999
2002
2003
2004
2005
2009
2010
2011
2012
2013
2018
2020
2022
2023
2026
2029
2031
2033
2036
2038
2039
2041
2043
2044
2047
2048
2049
2050
2051
2054
2055
2056
2059
2060
2064
2068
2069
2074
2075
2076
2079
2082
2088
2089
2090
2094
2096
2099
2100
2103
2104
2105
2106
2110
2112
2113
2117
2119
2120
2122
2124
2128
2129
2135
2136
2139
2140
2141
2142
2144
2145
2149
2150
2151
2155
2156
2157
2161
2163
2165
2169
2170
2171
2173
2174
2179
2180
2181
2184
2186
2188
2191
2193
2195
2197
2199
2201
2204
2205
2206
2207
2210
2211
2212
2222
2224
2226
2227
2231
2233
2235
2239
2241
2248
2250
2252
2253
2255
2257
2268
2269
2271
2272
2273
