0
1
3
4
5
7
9
10
12
13
15
20
22
24
25
29
32
34
35
37
38
40
44
46
51
52
53
55
56
57
59
61
63
64
65
67
68
70
73
74
75
79
80
82
83
84
86
88
89
90
93
94
99
101
102
103
108
109
110
111
113
114
116
118
119
120
123
124
126
129
133
135
138
141
145
147
148
149
150
153
155
156
159
160
161
163
164
165
166
170
171
173
174
175
178
179
182
183
187
191
192
193
194
196
197
203
205
208
210
213
219
224
226
228
229
233
235
241
246
247
250
252
255
256
257
258
261
265
270
275
277
279
284
286
291
295
297
302
304
305
306
307
309
310
313
314
317
319
321
323
325
328
332
333
337
338
339
341
342
343
344
346
349
350
352
354
356
360
361
363
366
367
370
371
372
375
378
380
381
383
384
385
388
394
396
397
399
400
402
403
404
405
407
408
409
410
411
412
413
415
417
418
420
421
422
423
424
425
426
427
434
435
438
441
443
447
448
449
452
456
457
459
468
469
471
473
474
476
477
479
480
482
484
485
487
488
492
494
495
496
497
500
501
503
505
506
508
509
510
511
512
515
519
521
522
524
527
529
530
536
538
541
542
544
545
549
550
551
556
557
559
560
561
562
564
566
567
569
571
577
578
581
584
585
586
587
589
590
593
594
595
598
600
602
603
606
607
608
613
618
619
620
621
625
626
628
629
631
633
634
636
640
641
642
643
644
652
653
656
659
660
661
662
663
667
669
670
671
672
674
675
676
677
678
680
681
684
685
686
687
689
694
695
696
697
699
700
702
706
707
709
713
714
715
719
720
723
731
734
736
737
738
739
742
744
746
747
748
751
752
753
754
762
766
770
771
773
774
775
777
781
782
784
785
786
787
790
792
795
796
797
801
803
804
808
810
811
812
814
817
819
822
824
826
827
828
829
831
832
840
841
842
844
848
849
851
852
853
854
855
856
857
859
860
862
866
867
869
870
871
872
880
883
885
890
894
895
898
899
901
906
909
911
914
920
922
925
926
927
928
931
932
933
936
937
938
940
944
946
947
950
952
955
957
959
961
963
966
967
971
972
973
975
979
980
981
983
984
985
987
988
989
990
991
993
994
995
1000
1001
1003
1004
1006
1008
1009
1010
1011
1015
1016
1017
1020
1024
1029
1031
1037
1039
1043
1044
1045
1051
1052
1053
1054
1055
1056
1057
1058
1060
1062
1063
1066
1068
1074
1077
1078
1088
1089
1090
1092
1095
1098
1099
1100
1101
1106
1107
1111
1112
1114
1115
1117
1121
1122
1123
1125
1126
1127
1129
1130
1135
1136
1137
1138
1140
1144
1147
1149
1151
1155
1157
1158
1159
1160
1161
1164
1165
1166
1167
1168
1171
1172
1175
1177
1182
1184
1185
1186
1187
1192
1194
1200
1202
1203
1204
1205
1206
1207
1208
1209
1213
1217
1222
1224
1226
1228
1230
1235
1236
1239
1241
1242
1245
1246
1247
1248
1250
1252
1255
1256
1258
1260
1261
1262
1263
1267
1274
1278
1282
1285
1287
1288
1289
1291
1293
1294
1298
1299
1302
1305
1306
1307
1308
1309
1311
1316
1317
1324
1326
1330
1333
1336
1338
1340
1341
1342
1346
1347
1350
1353
1354
1355
1359
1361
1363
1368
1369
1378
1387
1388
1391
1392
1394
1400
1406
1407
1411
1415
1418
1419
1422
1424
1425
1426
1428
1429
1433
1434
1438
1439
1440
1441
1442
1443
1444
1445
1447
1448
1449
1451
1452
1454
1457
1459
1460
1462
1464
1465
1466
1467
1468
1469
1472
1475
1476
1479
1482
1484
1485
1486
1489
1491
1499
1500
1503
1505
1506
1507
1509
1510
1511
1514
1518
1519
1520
1523
1524
1526
1529
1530
1531
1533
1535
1536
1538
1539
1540
1543
1544
1546
1547
1549
1554
1556
1557
1559
1560
1565
1567
1568
1570
1571
1572
1579
1582
1584
1585
1587
1589
1590
1591
1594
1595
1597
1601
1604
1605
1606
1608
1612
1613
1614
1616
1621
1623
1624
1625
1626
1628
1629
1630
1632
1638
1640
1642
1643
1645
1646
1649
1651
1652
1653
1654
1658
1660
1661
1663
1664
1665
1666
1668
1671
1674
1676
1677
1678
1679
1680
1683
1684
1685
1686
1687
1689
1690
1692
1693
1697
1703
1704
1705
1706
1708
1710
1713
1715
1716
1718
1719
1721
1727
1729
1732
1733
1734
1735
1736
1737
1740
1742
1743
1745
1748
1749
1750
1756
1758
1760
1761
1765
1767
1772
1776
1777
1778
1779
1780
1783
1787
1788
1789
1790
1791
1794
1796
1798
1801
1804
1805
1806
1808
1812
1815
1818
1820
1821
1822
1824
1826
1829
1830
1831
1834
1836
1837
1840
1841
1842
1845
1847
1850
1853
1854
1855
1856
1859
1866
1869
1872
1873
1875
1877
1878
1879
1880
1881
1883
1885
1886
1888
1890
1891
1897
1899
1900
1901
1905
1906
1907
1909
1910
1913
1916
1922
1923
1929
1930
1932
1933
1935
1941
1942
1943
1945
1946
1948
1952
1954
1955
1958
1959
1960
1961
1962
1963
1965
1966
1967
1971
1974
1975
1976
1977
1979
1981
1983
1987
1989
1992
1994
1995
1996
1998
1999
2000
2001
2003
2007
2010
2014
2017
2018
2022
2025
2026
2027
2028
2030
2031
2036
2037
2039
2042
2048
2053
2054
2055
2061
2062
2063
2064
2066
2067
2068
2076
2077
2080
2083
2084
2085
2086
2087
2089
2092
2094
2096
2097
2099
2103
2105
2106
2107
2109
2111
2112
2113
2120
2124
2126
2127
2128
2129
2130
2135
2137
2138
2139
2141
2142
2145
2147
2149
2155
2157
2159
2160
2162
2165
2166
2168
2169
2170
2171
2173
2177
2179
2182
2183
2187
2188
2194
2195
2196
2198
2199
2200
2204
2206
2208
2210
2212
2213
2214
2215
2220
2222
2223
2224
2225
2229
2230
2233
2239
2246
2247
2248
2251
2252
2255
2256
2257
2258
2259
2261
2263
2264
2265
2266
2268
2270
2273
2274
2275
2276
