1
4
6
7
9
10
11
15
22
25
26
27
30
32
34
35
39
40
45
48
50
51
52
53
54
55
56
59
62
64
65
68
74
79
81
82
85
87
92
93
94
97
99
100
101
102
104
106
107
108
109
110
115
117
122
125
127
134
135
137
141
143
144
145
148
149
153
154
155
158
159
160
163
164
166
170
172
175
176
178
180
183
185
187
188
189
191
194
196
198
200
201
202
203
206
208
209
210
211
213
214
215
218
219
220
221
222
230
234
236
237
239
240
241
244
246
247
251
252
254
258
259
264
265
266
267
268
269
272
273
274
275
277
279
280
281
283
284
287
288
292
293
294
296
298
299
301
302
305
306
308
314
315
321
322
323
326
327
328
330
332
335
337
339
342
345
346
348
351
357
359
361
364
366
367
373
375
381
382
383
384
385
389
390
391
393
395
397
400
401
405
406
407
411
413
416
417
421
422
425
427
430
431
433
435
437
438
439
440
443
444
445
446
447
448
449
450
451
452
453
455
461
462
463
465
466
467
470
472
473
475
477
479
482
484
485
490
493
495
497
498
499
501
506
507
509
515
516
518
522
523
524
527
528
529
535
537
538
540
541
542
545
547
548
550
551
552
553
555
556
557
559
561
567
568
571
573
574
580
589
596
597
602
603
606
607
608
615
616
617
621
622
624
625
631
634
637
641
648
650
651
653
654
655
656
658
661
665
668
670
676
677
681
682
683
686
687
690
691
693
696
699
700
705
706
707
709
710
711
715
716
717
719
720
721
722
723
727
731
733
734
735
736
737
738
739
740
741
745
746
747
749
750
754
757
758
760
761
762
765
768
769
770
773
778
780
783
784
785
787
789
790
791
800
801
803
804
805
806
808
809
812
814
815
816
817
818
819
820
821
823
825
827
828
829
830
831
832
835
836
842
844
845
848
852
854
859
860
862
863
864
865
866
867
879
880
881
882
889
890
892
894
898
900
901
904
907
908
911
914
915
917
921
922
924
926
928
929
931
933
934
935
936
938
940
941
942
947
948
949
950
952
957
958
959
961
963
964
968
970
972
977
979
980
982
983
984
986
991
992
993
994
1000
1004
1007
1009
1010
1012
1015
1018
1019
1021
1022
1026
1028
1033
1034
1036
1037
1039
1041
1042
1044
1045
1047
1049
1050
1053
1054
1055
1056
1058
1060
1061
1065
1066
1067
1068
1069
1072
1073
1074
1076
1077
1078
1083
1085
1087
1088
1089
1091
1092
1093
1095
1096
1099
1100
1102
1105
1106
1110
1115
1118
1119
1120
1121
1125
1132
1134
1135
1144
1146
1150
1151
1152
1157
1158
1161
1162
1163
1165
1170
1176
1177
1179
1180
1183
1186
1187
1188
1190
1192
1193
1194
1199
1201
1202
1203
1207
1208
1209
1210
1211
1216
1219
1224
1225
1226
1232
1236
1238
1239
1241
1243
1245
1246
1247
1249
1252
1254
1257
1258
1259
1260
1261
1262
1264
1266
1269
1270
1271
1272
1273
1274
1279
1281
1282
1287
1288
1289
1291
1292
1296
1298
1301
1302
1303
1306
1307
1309
1311
1315
1320
1321
1323
1324
1325
1328
1330
1332
1333
1334
1335
1336
1343
1346
1350
1351
1352
1355
1359
1361
1365
1368
1369
1373
1377
1378
1379
1380
1388
1392
1396
1397
1398
1399
1400
1402
1403
1404
1405
1406
1407
1408
1410
1412
1416
1417
1421
1423
1426
1428
1432
1434
1437
1439
1440
1442
1445
1452
1453
1454
1456
1457
1461
1462
1466
1467
1468
1469
1475
1476
1478
1483
1484
1487
1488
1489
1490
1494
1495
1496
1499
1501
1503
1505
1506
1507
1512
1513
1515
1516
1517
1518
1519
1521
1522
1523
1524
1526
1527
1529
1533
1535
1538
1539
1540
1541
1542
1544
1545
1547
1549
1551
1552
1553
1554
1555
1558
1561
1562
1563
1564
1565
1567
1572
1574
1579
1581
1582
1583
1584
1585
1586
1588
1589
1592
1593
1595
1596
1598
1599
1601
1610
1612
1616
1617
1618
1621
1622
1624
1626
1627
1629
1630
1638
1642
1643
1646
1649
1650
1652
1653
1654
1655
1659
1660
1661
1663
1665
1666
1667
1669
1670
1671
1672
1673
1675
1677
1682
1684
1685
1690
1691
1693
1695
1696
1697
1698
1699
1700
1703
1704
1705
1708
1711
1712
1716
1719
1722
1723
1726
1731
1732
1733
1734
1735
1736
1737
1738
1739
1742
1749
1750
1752
1753
1755
1760
1763
1764
1765
1766
1767
1768
1769
1774
1776
1777
1779
1780
1783
1784
1786
1787
1790
1791
1793
1794
1795
1796
1797
1798
1800
1801
1803
1804
1806
1808
1811
1813
1818
1820
1822
1823
1824
1826
1827
1828
1831
1832
1833
1835
1836
1839
1840
1843
1845
1851
1852
1856
1859
1862
1872
1873
1874
1875
1876
1878
1880
1882
1884
1885
1892
1894
1898
1901
1902
1904
1905
1909
1910
1911
1912
1913
1914
1921
1923
1924
1926
1927
1928
1931
1933
1934
1936
1938
1940
1944
1946
1948
1950
1954
1956
1957
1958
1961
1964
1965
1967
1968
1969
1970
1971
1973
1974
1975
1976
1978
1987
1993
1998
2000
2002
2008
2009
2011
2012
2013
2014
2015
2016
2027
2041
2042
2043
2044
2047
2049
2050
2051
2055
2056
2057
2059
2060
2061
2063
2066
2067
2068
2070
2072
2074
2075
2076
2079
2081
2090
2091
2092
2094
2096
2097
2098
2102
2104
2106
2108
2113
2116
2117
2118
2119
2120
2121
2122
2123
2128
2129
2132
2133
2135
2136
2137
2139
2140
2141
2143
2145
2146
2148
2150
2151
2154
2159
2160
2161
2162
2164
2165
2166
2167
2170
2172
2174
2175
2176
2177
2178
2181
2182
2184
2186
2187
2189
2190
2192
2194
2196
2198
2199
2200
2206
2208
2211
2213
2215
2217
2219
2220
2221
2222
2223
2225
2226
2227
2228
2229
2230
2232
2233
2234
2236
2237
2241
2242
2248
2252
2253
2254
2255
2256
2258
2259
2260
2263
2264
2269
2272
2274
2275
2276
