0
1
4
7
8
9
10
11
13
18
19
20
23
24
27
29
31
33
34
35
37
38
40
44
45
48
50
51
52
54
56
61
65
66
67
69
71
74
75
79
82
83
85
87
93
96
97
98
99
100
101
103
104
105
106
107
109
110
111
112
113
115
116
117
118
119
122
124
125
128
129
130
131
132
133
136
137
141
142
149
152
154
157
160
162
163
166
167
168
170
172
173
174
175
177
179
185
186
189
191
192
194
198
200
202
204
205
207
212
213
215
219
221
223
224
225
226
227
229
231
232
233
234
236
239
240
241
244
245
246
247
248
251
253
254
255
256
259
260
261
262
263
265
266
267
269
270
271
274
277
286
288
290
292
293
294
297
298
301
303
304
305
306
307
309
310
311
314
317
320
322
323
328
334
335
336
339
340
345
348
352
353
354
360
361
362
365
366
367
370
375
376
378
379
380
381
382
383
384
386
387
389
391
392
394
405
406
409
410
411
413
416
420
421
423
425
428
430
431
432
433
434
436
437
438
441
443
446
447
449
450
457
458
460
461
464
465
466
473
474
475
476
477
478
479
480
482
484
485
492
495
496
497
505
506
507
508
509
512
516
519
521
522
527
530
531
535
536
538
539
540
541
542
543
544
545
547
548
552
553
554
555
556
558
559
560
561
562
566
569
571
582
584
585
588
589
590
593
594
598
599
602
607
608
611
613
614
615
616
618
620
623
624
629
630
633
634
635
636
644
645
648
659
661
662
664
668
670
672
675
676
682
683
684
685
686
687
690
691
694
695
696
699
700
703
705
706
708
709
710
712
714
715
717
723
724
725
726
727
734
736
737
738
740
741
742
745
746
747
748
750
752
753
755
756
759
763
765
766
768
770
772
773
776
781
783
787
791
794
795
802
803
805
807
808
811
812
816
818
819
821
824
825
826
828
831
833
837
838
841
842
843
845
846
847
854
857
860
869
875
876
879
881
882
883
886
887
888
889
893
895
899
901
903
905
907
908
910
912
913
914
916
917
919
920
922
923
924
926
927
930
932
933
934
939
941
943
948
949
951
955
956
960
962
966
973
977
978
979
980
981
982
987
990
991
995
998
1000
1001
1005
1006
1007
1010
1011
1012
1013
1015
1016
1019
1020
1024
1025
1026
1027
1029
1030
1032
1033
1039
1040
1042
1043
1046
1047
1048
1050
1053
1058
1059
1061
1063
1066
1069
1075
1076
1078
1080
1085
1086
1091
1094
1100
1101
1103
1108
1109
1110
1111
1112
1115
1116
1118
1119
1121
1127
1128
1129
1131
1132
1133
1135
1138
1139
1140
1142
1143
1146
1148
1149
1150
1151
1153
1157
1158
1159
1160
1165
1167
1168
1170
1171
1172
1173
1174
1176
1178
1180
1182
1186
1188
1189
1191
1192
1196
1197
1198
1199
1201
1205
1206
1209
1214
1216
1217
1218
1221
1222
1231
1233
1235
1236
1239
1243
1248
1249
1250
1256
1257
1259
1261
1262
1264
1266
1269
1270
1271
1273
1274
1277
1281
1282
1287
1291
1292
1293
1294
1295
1299
1301
1303
1304
1309
1310
1312
1313
1314
1316
1317
1318
1319
1320
1324
1325
1328
1329
1331
1332
1335
1336
1337
1338
1339
1340
1343
1344
1346
1347
1350
1351
1356
1357
1358
1360
1361
1363
1364
1365
1366
1374
1375
1376
1377
1381
1383
1385
1390
1393
1395
1399
1400
1401
1403
1404
1406
1410
1412
1413
1415
1416
1417
1418
1420
1421
1427
1428
1430
1431
1432
1433
1434
1436
1441
1442
1443
1444
1449
1450
1453
1454
1456
1458
1459
1461
1463
1464
1465
1466
1467
1469
1471
1473
1474
1478
1482
1489
1490
1492
1493
1496
1498
1499
1506
1507
1508
1509
1512
1513
1514
1515
1518
1519
1522
1526
1527
1529
1531
1534
1536
1537
1538
1539
1540
1542
1543
1545
1547
1548
1549
1551
1552
1553
1554
1558
1559
1561
1566
1569
1570
1571
1572
1573
1576
1578
1579
1580
1584
1585
1588
1590
1595
1596
1597
1598
1601
1603
1605
1608
1609
1610
1611
1616
1620
1623
1626
1629
1632
1634
1635
1638
1642
1644
1647
1649
1650
1652
1655
1656
1657
1659
1661
1662
1667
1668
1670
1674
1676
1679
1680
1681
1685
1686
1690
1695
1699
1700
1701
1705
1709
1711
1712
1713
1714
1715
1717
1718
1719
1720
1721
1722
1724
1725
1726
1727
1728
1729
1730
1731
1733
1736
1738
1739
1740
1742
1743
1746
1747
1749
1750
1752
1754
1757
1759
1760
1765
1769
1770
1777
1778
1782
1785
1787
1790
1791
1795
1797
1801
1803
1805
1807
1809
1811
1814
1818
1819
1820
1821
1826
1827
1832
1833
1834
1835
1837
1839
1842
1843
1845
1854
1855
1860
1861
1863
1865
1869
1873
1874
1875
1880
1885
1886
1887
1891
1892
1893
1895
1898
1899
1900
1901
1903
1904
1905
1908
1909
1911
1912
1913
1915
1916
1918
1921
1924
1927
1930
1931
1934
1935
1937
1943
1946
1947
1948
1949
1951
1952
1953
1954
1955
1958
1959
1960
1961
1963
1964
1967
1968
1969
1970
1973
1975
1978
1979
1980
1984
1986
1987
1988
1989
1990
1993
1994
1995
1996
1997
1998
2003
2004
2005
2006
2007
2011
2014
2018
2020
2021
2022
2025
2030
2031
2032
2035
2036
2044
2045
2047
2048
2049
2052
2053
2057
2058
2059
2060
2062
2064
2065
2066
2068
2069
2072
2077
2079
2081
2085
2087
2088
2095
2096
2097
2098
2099
2100
2104
2105
2107
2109
2110
2112
2113
2114
2115
2116
2117
2118
2121
2122
2123
2125
2128
2129
2130
2133
2135
2137
2138
2139
2143
2145
2146
2147
2148
2150
2153
2157
2158
2159
2160
2161
2164
2165
2173
2174
2177
2178
2183
2188
2190
2192
2193
2194
2197
2198
2199
2205
2207
2208
2213
2215
2222
2225
2226
2228
2230
2234
2236
2238
2239
2240
2244
2247
2249
2250
2256
2262
2264
2266
2268
2269
2272
2273
2274
2275
