0
1
4
6
7
8
10
12
13
18
19
21
22
26
27
28
31
32
33
35
36
38
40
41
47
49
50
51
53
57
60
61
64
65
66
67
70
74
75
76
77
78
80
81
82
83
86
89
95
96
98
100
101
109
111
112
114
118
119
120
123
125
130
131
132
133
134
135
138
139
140
145
150
151
153
155
157
162
165
166
169
171
175
176
179
180
182
184
187
188
190
192
194
196
197
199
202
203
204
208
211
212
219
220
221
223
224
226
229
232
233
234
237
240
242
245
247
252
257
258
261
262
264
265
272
274
278
279
281
283
288
289
290
293
295
300
302
303
308
311
313
314
316
319
320
322
323
325
330
331
334
335
338
340
341
344
345
348
350
351
353
355
356
358
359
362
363
364
366
367
368
370
375
380
381
383
384
385
386
387
388
389
390
391
394
398
400
401
402
404
405
407
409
410
412
413
414
415
416
419
421
424
425
426
430
433
434
435
437
438
440
441
447
450
451
452
455
462
463
464
465
466
467
468
469
470
473
475
481
482
483
484
487
489
490
491
493
496
497
499
500
504
507
509
510
511
513
515
516
517
518
521
522
523
525
529
530
532
534
537
538
541
543
544
545
547
550
552
554
560
561
563
566
567
568
569
571
572
573
575
577
578
580
581
582
583
584
587
590
593
596
598
599
600
601
605
607
612
613
614
618
619
621
624
626
627
630
631
632
634
637
638
639
641
642
643
647
648
649
653
654
657
658
659
664
665
667
669
671
672
675
676
678
680
681
682
686
687
690
693
695
700
703
709
711
712
716
720
721
724
725
726
727
728
729
731
733
734
735
737
741
743
747
749
751
752
753
754
755
756
762
763
765
770
771
773
775
778
780
782
784
785
786
791
794
795
796
800
801
802
804
806
807
808
810
813
814
819
820
824
826
827
828
829
830
833
834
835
838
839
842
847
848
852
854
856
857
859
860
864
866
867
869
870
871
872
876
879
881
883
884
885
886
888
889
891
893
896
897
900
901
903
904
908
909
912
915
916
917
919
923
924
937
938
939
940
945
949
950
951
954
955
959
960
964
965
967
971
972
975
977
978
979
981
983
986
987
989
990
991
992
994
996
1001
1005
1011
1012
1015
1016
1022
1027
1030
1031
1032
1033
1036
1037
1038
1039
1042
1044
1045
1046
1047
1048
1051
1052
1054
1058
1059
1062
1065
1066
1068
1070
1072
1073
1078
1080
1081
1082
1083
1084
1086
1088
1093
1101
1102
1105
1108
1109
1110
1112
1113
1114
1117
1119
1120
1121
1122
1124
1125
1126
1127
1128
1130
1132
1133
1135
1138
1139
1140
1142
1143
1146
1148
1149
1152
1155
1157
1158
1160
1165
1167
1173
1175
1176
1178
1179
1180
1181
1183
1184
1188
1190
1192
1194
1196
1199
1200
1203
1206
1207
1208
1209
1210
1213
1214
1217
1218
1219
1220
1221
1225
1229
1230
1233
1236
1239
1240
1241
1242
1243
1244
1245
1246
1247
1250
1251
1252
1254
1256
1257
1258
1259
1263
1264
1267
1268
1271
1273
1276
1281
1282
1283
1285
1286
1287
1288
1290
1291
1292
1293
1295
1297
1299
1300
1301
1303
1304
1308
1309
1311
1314
1315
1324
1325
1329
1331
1334
1335
1340
1342
1344
1347
1348
1349
1350
1352
1353
1354
1356
1361
1365
1369
1380
1381
1383
1384
1386
1387
1389
1391
1392
1398
1405
1407
1409
1411
1416
1417
1418
1420
1421
1425
1427
1432
1433
1436
1437
1438
1440
1441
1444
1445
1446
1447
1451
1454
1458
1459
1460
1461
1462
1463
1464
1465
1468
1470
1471
1472
1473
1476
1477
1478
1479
1481
1482
1487
1490
1495
1496
1499
1500
1503
1507
1508
1509
1510
1511
1512
1513
1514
1518
1519
1520
1522
1528
1529
1530
1533
1534
1538
1539
1540
1543
1545
1546
1547
1552
1554
1556
1559
1560
1563
1564
1567
1569
1570
1572
1575
1576
1578
1579
1582
1589
1590
1591
1592
1594
1596
1597
1598
1599
1604
1605
1608
1610
1612
1614
1615
1616
1618
1620
1624
1627
1628
1629
1632
1634
1636
1637
1639
1640
1641
1643
1645
1646
1648
1652
1654
1659
1663
1664
1666
1667
1669
1670
1671
1672
1674
1675
1676
1677
1679
1680
1682
1683
1686
1687
1688
1689
1690
1695
1699
1704
1705
1707
1719
1720
1723
1725
1728
1729
1732
1739
1742
1745
1750
1753
1755
1756
1760
1761
1762
1766
1769
1771
1772
1773
1774
1777
1779
1780
1784
1786
1790
1792
1794
1796
1797
1803
1807
1809
1810
1811
1815
1817
1823
1825
1826
1828
1829
1830
1831
1834
1838
1842
1847
1850
1851
1858
1859
1861
1865
1866
1868
1870
1871
1873
1875
1876
1878
1879
1887
1889
1890
1894
1897
1899
1900
1902
1903
1904
1905
1907
1910
1911
1913
1916
1917
1921
1923
1926
1929
1930
1933
1934
1936
1937
1938
1941
1942
1943
1945
1948
1950
1951
1952
1953
1954
1959
1960
1962
1963
1964
1966
1967
1968
1969
1971
1972
1973
1974
1975
1977
1981
1982
1983
1986
1990
1991
1993
1995
1996
1999
2000
2001
2003
2006
2007
2008
2009
2011
2014
2016
2019
2020
2021
2022
2023
2025
2028
2030
2033
2037
2039
2042
2043
2046
2047
2048
2049
2050
2053
2054
2055
2056
2068
2070
2074
2076
2081
2082
2083
2085
2087
2089
2090
2093
2094
2097
2099
2102
2103
2105
2106
2107
2108
2113
2115
2121
2122
2124
2125
2128
2131
2133
2136
2137
2138
2139
2140
2141
2144
2145
2146
2148
2149
2150
2154
2156
2159
2160
2161
2162
2163
2164
2166
2170
2171
2173
2177
2178
2181
2182
2183
2187
2189
2190
2192
2193
2194
2196
2198
2199
2203
2204
2205
2206
2207
2208
2209
2216
2222
2227
2229
2230
2233
2234
2238
2239
2241
2242
2243
2244
2245
2246
2247
2248
2249
2252
2253
2254
2255
2256
2258
2260
2263
2264
2273
2275
