4
5
6
7
8
10
11
12
13
14
15
18
22
24
25
29
30
32
33
34
35
38
46
47
49
52
59
60
63
66
67
68
69
71
73
74
76
77
79
80
81
83
84
85
90
94
99
101
103
105
106
110
113
116
117
118
120
122
125
127
128
130
132
138
139
140
141
143
147
151
152
157
162
163
167
168
173
177
178
180
181
182
183
184
186
188
189
192
193
194
195
196
198
199
200
203
205
206
208
209
212
215
218
219
220
221
222
224
225
226
227
230
232
236
241
242
245
248
249
250
254
256
257
259
261
262
265
269
270
273
274
275
278
281
283
284
288
289
291
292
294
295
299
302
303
304
306
307
308
309
311
314
315
316
317
319
322
325
327
329
334
336
337
339
344
346
354
358
359
360
362
363
364
365
371
380
381
382
386
387
389
391
393
396
399
400
401
402
403
405
406
408
409
410
414
417
418
419
420
425
427
429
434
437
438
440
442
444
446
451
453
454
458
459
461
462
463
465
467
468
469
472
473
475
476
478
479
480
482
483
485
487
489
490
496
497
498
499
501
504
505
507
508
509
510
511
514
516
517
518
524
527
528
529
531
533
534
535
538
540
541
543
545
548
549
550
553
554
556
560
562
563
566
567
569
572
573
574
575
576
577
580
581
582
583
584
587
588
594
595
597
599
600
601
602
604
605
606
607
608
612
613
616
617
621
623
624
625
626
628
630
631
632
636
639
640
642
645
646
648
651
655
656
660
661
663
666
668
670
671
672
675
677
680
681
684
686
687
689
690
691
692
694
697
701
702
703
705
706
708
709
710
713
718
721
722
724
725
729
730
731
734
744
745
746
749
750
751
752
754
756
757
758
761
762
764
765
769
770
776
779
784
785
786
787
788
790
794
795
796
797
803
804
807
808
809
814
816
818
820
824
825
826
828
831
832
833
834
835
844
846
848
849
852
854
859
865
866
869
872
873
874
875
876
877
880
881
884
886
888
889
895
896
900
903
904
905
907
909
911
913
914
915
917
921
922
929
932
933
934
935
937
938
939
944
947
948
950
952
955
956
957
959
960
962
966
968
969
970
972
979
980
981
985
987
989
994
995
1002
1003
1004
1006
1007
1012
1016
1019
1023
1024
1025
1026
1029
1030
1031
1035
1036
1039
1040
1041
1042
1043
1044
1045
1046
1052
1054
1055
1057
1059
1064
1065
1067
1070
1071
1074
1076
1077
1081
1090
1091
1095
1096
1097
1099
1100
1101
1103
1104
1105
1106
1110
1112
1113
1114
1118
1120
1121
1124
1125
1127
1129
1133
1136
1139
1143
1145
1146
1148
1149
1150
1155
1160
1161
1162
1164
1165
1166
1168
1169
1173
1174
1179
1180
1181
1183
1185
1186
1188
1191
1192
1194
1195
1197
1198
1206
1209
1210
1213
1214
1217
1218
1220
1221
1222
1225
1226
1227
1230
1231
1232
1233
1236
1238
1239
1242
1244
1246
1249
1251
1256
1258
1260
1262
1264
1266
1267
1268
1274
1277
1278
1279
1281
1286
1288
1289
1290
1292
1293
1295
1297
1301
1303
1305
1308
1311
1312
1313
1315
1317
1319
1320
1323
1324
1325
1327
1329
1330
1331
1332
1334
1335
1338
1339
1340
1344
1345
1347
1348
1351
1355
1356
1360
1362
1363
1367
1368
1370
1371
1372
1375
1376
1377
1384
1385
1389
1391
1392
1397
1400
1403
1405
1409
1414
1416
1418
1421
1426
1429
1434
1435
1437
1438
1440
1441
1444
1445
1447
1448
1449
1450
1454
1455
1462
1464
1465
1466
1467
1468
1469
1472
1473
1474
1475
1477
1478
1481
1482
1484
1485
1487
1490
1492
1494
1496
1497
1500
1502
1504
1505
1508
1510
1511
1512
1514
1516
1517
1518
1520
1522
1523
1531
1532
1533
1534
1542
1545
1546
1547
1548
1553
1554
1555
1556
1558
1559
1561
1564
1566
1567
1568
1569
1573
1574
1578
1582
1584
1588
1591
1592
1593
1595
1596
1598
1601
1604
1605
1606
1607
1609
1611
1614
1618
1619
1621
1622
1623
1624
1625
1627
1628
1629
1630
1632
1635
1636
1637
1642
1643
1645
1648
1651
1652
1655
1656
1659
1660
1661
1662
1663
1665
1667
1668
1674
1677
1680
1681
1683
1687
1690
1691
1693
1694
1696
1699
1700
1702
1705
1707
1708
1710
1711
1712
1714
1715
1716
1720
1722
1724
1727
1728
1731
1734
1736
1737
1738
1739
1740
1741
1744
1749
1753
1754
1755
1756
1758
1760
1761
1763
1764
1768
1769
1772
1773
1774
1777
1779
1780
1782
1784
1785
1786
1790
1794
1796
1799
1800
1802
1803
1804
1807
1808
1810
1813
1815
1821
1822
1827
1828
1829
1831
1832
1834
1835
1836
1837
1839
1841
1845
1846
1847
1851
1852
1853
1855
1857
1861
1862
1864
1865
1869
1872
1873
1875
1876
1878
1879
1881
1882
1884
1885
1886
1888
1889
1890
1891
1892
1893
1897
1901
1905
1907
1909
1913
1915
1916
1917
1919
1920
1921
1922
1923
1924
1925
1928
1929
1932
1935
1938
1939
1940
1941
1942
1946
1947
1950
1954
1959
1961
1962
1963
1971
1972
1973
1977
1978
1981
1982
1983
1986
1989
1990
1992
1993
1997
2000
2001
2006
2007
2008
2009
2010
2013
2014
2015
2016
2017
2018
2019
2021
2022
2027
2028
2029
2030
2036
2037
2038
2040
2042
2044
2050
2052
2053
2059
2060
2062
2064
2069
2072
2077
2078
2081
2082
2085
2088
2089
2090
2091
2092
2096
2097
2100
2102
2103
2106
2110
2112
2115
2116
2118
2123
2125
2130
2131
2133
2138
2139
2141
2144
2145
2148
2149
2152
2155
2156
2157
2161
2162
2164
2165
2166
2167
2168
2169
2170
2173
2174
2175
2178
2179
2180
2183
2184
2185
2188
2189
2191
2194
2196
2197
2198
2199
2201
2202
2206
2207
2208
2210
2213
2214
2216
2217
2218
2219
2221
2223
2226
2231
2235
2239
2240
2241
2246
2249
2250
2252
2253
2255
2256
2258
2259
2270
2275
