0
6
9
11
12
19
23
25
27
29
30
33
35
39
41
42
44
46
48
49
50
51
52
57
58
62
65
69
72
73
74
77
79
81
82
84
90
92
96
98
99
101
102
103
104
105
108
111
112
113
116
117
121
124
128
130
131
133
134
139
141
143
144
145
146
148
152
154
155
158
163
165
166
170
171
172
173
174
176
177
179
183
184
185
186
187
192
193
197
198
200
201
202
203
204
206
208
210
211
212
213
214
215
218
219
220
222
223
224
228
229
232
235
238
241
245
247
248
252
253
257
258
259
260
263
264
265
267
269
272
273
275
276
278
279
281
284
290
291
297
301
302
303
304
307
311
312
313
314
316
317
318
319
322
324
325
328
331
332
333
335
337
338
341
344
346
347
349
350
351
353
354
356
361
362
363
366
367
368
374
379
380
381
382
385
387
391
393
396
397
400
402
403
404
405
406
407
413
415
416
418
419
421
423
424
425
426
427
432
433
434
435
443
445
446
449
452
453
454
456
458
460
461
462
465
468
469
471
472
478
479
480
481
484
485
491
495
496
501
504
505
508
511
512
513
515
517
521
522
523
525
530
532
533
534
536
537
538
542
543
544
546
549
550
551
556
560
563
565
567
570
574
575
577
580
581
583
585
587
588
589
592
595
596
597
602
603
604
607
610
612
613
614
618
620
621
622
623
625
626
629
631
632
636
638
643
645
647
651
654
655
656
657
661
663
666
667
680
681
682
683
685
687
691
693
695
696
702
703
705
706
707
709
712
714
715
717
719
722
723
725
727
731
732
735
736
737
739
740
741
743
744
749
750
754
755
756
759
769
772
773
776
777
781
783
784
785
786
787
788
790
791
793
795
797
798
799
805
806
807
808
810
811
812
813
814
815
816
818
819
821
823
825
828
833
834
835
837
839
840
841
842
844
850
851
852
853
854
855
857
858
859
860
863
864
865
867
868
869
871
872
875
878
879
880
881
882
885
887
888
890
892
894
895
897
898
901
902
908
909
910
911
912
913
916
917
920
921
923
925
926
928
929
932
933
935
936
937
938
940
943
944
945
947
950
951
955
956
957
959
961
963
964
966
967
969
970
971
976
977
978
980
981
982
983
985
986
988
991
992
994
995
996
999
1000
1001
1009
1012
1016
1018
1019
1020
1024
1025
1026
1027
1029
1030
1032
1035
1036
1038
1039
1040
1042
1043
1047
1051
1058
1059
1064
1071
1073
1075
1077
1080
1081
1082
1083
1086
1087
1091
1096
1100
1101
1102
1104
1109
1110
1111
1113
1117
1119
1121
1122
1126
1128
1130
1131
1132
1135
1138
1139
1141
1144
1145
1148
1151
1154
1155
1157
1160
1162
1165
1168
1170
1171
1174
1175
1178
1186
1190
1194
1195
1197
1198
1200
1202
1204
1206
1208
1209
1218
1220
1222
1226
1229
1230
1232
1234
1236
1237
1238
1240
1246
1247
1248
1251
1254
1256
1258
1259
1261
1263
1267
1269
1270
1275
1279
1281
1283
1284
1286
1288
1289
1292
1294
1298
1299
1301
1303
1304
1305
1307
1309
1311
1314
1315
1318
1321
1326
1327
1328
1329
1330
1332
1334
1336
1340
1341
1342
1344
1345
1346
1347
1351
1353
1354
1359
1360
1363
1366
1367
1369
1371
1372
1374
1375
1376
1378
1382
1385
1386
1390
1396
1397
1398
1401
1402
1403
1405
1409
1411
1413
1414
1420
1421
1422
1424
1425
1426
1430
1431
1432
1433
1435
1437
1446
1447
1449
1450
1451
1454
1456
1457
1458
1461
1463
1470
1472
1474
1477
1478
1480
1481
1482
1485
1488
1490
1491
1493
1496
1497
1499
1508
1512
1513
1515
1517
1519
1520
1521
1522
1524
1525
1530
1534
1536
1538
1543
1544
1546
1547
1549
1551
1553
1555
1556
1559
1560
1561
1563
1564
1565
1566
1567
1569
1571
1573
1574
1577
1578
1579
1586
1587
1588
1589
1590
1594
1595
1596
1598
1599
1601
1603
1605
1606
1609
1610
1613
1617
1619
1620
1621
1626
1633
1635
1638
1640
1643
1644
1648
1649
1650
1652
1653
1654
1655
1663
1668
1669
1671
1672
1673
1674
1675
1680
1681
1683
1684
1685
1686
1687
1688
1689
1690
1691
1692
1695
1696
1697
1700
1701
1704
1706
1711
1715
1716
1717
1719
1721
1723
1725
1726
1727
1728
1729
1737
1738
1739
1740
1741
1742
1745
1746
1747
1751
1752
1757
1764
1766
1768
1769
1770
1771
1773
1775
1776
1779
1785
1787
1788
1789
1791
1792
1793
1794
1796
1797
1800
1803
1804
1806
1809
1814
1815
1816
1817
1819
1820
1823
1829
1830
1831
1836
1838
1841
1843
1844
1847
1849
1850
1851
1853
1855
1857
1858
1861
1868
1869
1872
1876
1880
1881
1882
1883
1885
1888
1890
1891
1892
1893
1896
1898
1899
1900
1901
1904
1906
1909
1912
1915
1917
1920
1921
1922
1928
1931
1932
1934
1937
1938
1942
1943
1944
1945
1946
1949
1950
1951
1952
1953
1954
1955
1956
1960
1961
1962
1964
1966
1969
1974
1975
1976
1977
1979
1983
1985
1986
1987
1989
1990
1992
1997
1998
2001
2003
2004
2005
2010
2011
2013
2014
2015
2019
2021
2025
2026
2031
2033
2034
2035
2036
2039
2041
2043
2044
2049
2050
2052
2053
2058
2060
2061
2063
2064
2070
2071
2072
2073
2076
2077
2079
2082
2088
2089
2091
2095
2097
2101
2103
2104
2105
2106
2109
2113
2114
2115
2116
2118
2121
2122
2123
2125
2129
2131
2132
2134
2135
2136
2138
2139
2140
2141
2143
2145
2150
2151
2153
2159
2160
2161
2162
2166
2168
2169
2172
2175
2176
2178
2181
2182
2183
2184
2187
2188
2193
2196
2197
2199
2201
2203
2204
2205
2206
2207
2208
2209
2211
2215
2217
2218
2220
2221
2222
2224
2227
2228
2229
2230
2233
2235
2236
2237
2239
2242
2243
2244
2246
2247
2248
2255
2257
2259
2260
2261
2265
2267
2268
2269
2271
2275
