1
2
5
6
8
9
10
11
13
16
20
21
22
24
28
32
33
34
39
40
42
46
52
53
57
61
63
64
65
67
68
72
78
81
82
85
86
91
93
95
98
103
107
109
113
114
119
120
126
128
129
133
134
135
136
137
138
139
141
143
146
150
153
161
162
166
170
172
175
177
183
186
189
191
193
196
203
206
210
212
215
216
217
218
221
226
227
228
229
230
233
235
236
240
241
248
249
252
253
254
255
257
258
260
261
262
266
267
269
272
274
277
278
279
281
282
288
290
291
294
297
298
303
304
305
308
309
311
312
313
314
316
318
321
322
323
324
328
329
331
334
337
339
340
341
342
343
345
346
348
349
350
353
355
356
357
360
362
363
366
367
368
371
372
375
377
379
383
384
388
392
396
398
399
400
401
402
405
406
407
408
410
414
415
418
420
424
426
429
430
433
434
436
437
441
442
443
444
447
448
449
450
452
453
454
457
458
465
466
468
469
470
472
473
479
480
482
484
489
492
493
494
496
499
501
502
503
506
507
508
509
511
512
517
521
522
523
528
529
531
533
534
535
536
540
548
549
551
554
555
559
561
567
568
570
571
572
574
576
577
580
581
582
586
588
591
593
595
598
599
602
603
606
608
610
612
615
617
618
619
620
621
623
626
627
628
630
632
633
634
637
639
640
642
643
646
649
660
661
663
664
665
666
668
670
671
672
675
679
680
684
686
687
688
693
694
697
699
701
707
708
711
712
715
718
719
723
724
726
729
730
731
733
738
741
744
746
748
751
757
760
762
763
764
765
766
767
768
771
772
775
776
778
781
782
783
784
787
791
794
795
796
800
801
805
807
808
811
814
815
816
817
822
823
824
828
829
831
837
838
839
841
842
846
849
851
853
854
855
857
859
861
864
865
867
870
871
874
875
884
889
893
896
901
903
904
905
906
907
909
910
911
912
914
915
918
919
920
921
926
927
931
934
935
936
937
941
943
944
945
946
948
949
951
952
955
957
958
960
961
963
966
968
969
975
981
984
987
988
989
992
996
997
998
999
1004
1008
1012
1016
1017
1018
1019
1023
1025
1030
1031
1033
1037
1038
1039
1040
1041
1042
1043
1049
1050
1052
1053
1058
1061
1063
1064
1071
1074
1075
1077
1079
1081
1083
1085
1088
1089
1090
1094
1096
1097
1098
1099
1101
1102
1105
1106
1109
1111
1117
1120
1125
1132
1135
1136
1142
1143
1148
1150
1152
1155
1156
1157
1158
1159
1161
1164
1166
1171
1172
1175
1180
1183
1184
1185
1190
1191
1193
1194
1198
1199
1200
1211
1213
1214
1221
1226
1228
1229
1234
1235
1239
1241
1243
1246
1250
1251
1253
1255
1256
1257
1265
1267
1268
1274
1276
1278
1279
1280
1282
1287
1289
1291
1294
1296
1299
1301
1302
1303
1304
1306
1307
1308
1311
1312
1313
1314
1315
1317
1320
1323
1326
1329
1333
1335
1337
1338
1339
1342
1346
1348
1350
1351
1352
1353
1354
1355
1359
1360
1367
1368
1372
1374
1377
1379
1381
1383
1384
1387
1390
1391
1392
1394
1400
1405
1406
1408
1409
1410
1411
1412
1415
1419
1420
1423
1426
1428
1430
1433
1434
1436
1437
1445
1446
1447
1451
1452
1453
1455
1456
1459
1461
1463
1464
1465
1467
1468
1469
1471
1472
1473
1475
1477
1479
1480
1481
1487
1488
1491
1493
1494
1495
1497
1499
1501
1503
1506
1507
1512
1515
1516
1519
1520
1524
1526
1527
1528
1534
1536
1538
1539
1543
1546
1547
1550
1552
1553
1558
1560
1565
1568
1569
1570
1571
1572
1574
1576
1577
1578
1581
1585
1589
1590
1591
1604
1605
1608
1609
1615
1616
1617
1618
1619
1628
1633
1634
1637
1638
1641
1643
1655
1656
1659
1661
1665
1668
1671
1675
1677
1678
1679
1680
1682
1684
1685
1697
1699
1706
1707
1708
1711
1712
1713
1716
1717
1720
1721
1726
1727
1728
1729
1730
1732
1739
1740
1742
1745
1746
1747
1753
1755
1757
1758
1765
1767
1768
1770
1771
1772
1775
1780
1784
1785
1786
1787
1788
1790
1792
1794
1796
1797
1798
1799
1802
1805
1810
1811
1812
1813
1814
1816
1818
1820
1821
1822
1823
1824
1825
1829
1830
1832
1833
1834
1840
1848
1849
1852
1853
1856
1857
1859
1860
1862
1864
1865
1871
1874
1875
1877
1878
1885
1886
1887
1888
1889
1891
1893
1894
1895
1896
1900
1901
1902
1904
1905
1911
1913
1914
1915
1916
1922
1924
1925
1926
1927
1929
1931
1932
1934
1935
1937
1938
1940
1941
1943
1944
1947
1949
1951
1952
1953
1955
1957
1961
1965
1969
1971
1972
1975
1980
1982
1984
1986
1991
1995
2000
2001
2003
2004
2005
2008
2012
2013
2016
2017
2018
2019
2021
2023
2024
2033
2036
2037
2044
2045
2046
2047
2048
2052
2053
2057
2060
2062
2063
2065
2066
2067
2068
2071
2072
2073
2074
2075
2076
2077
2078
2079
2080
2081
2082
2083
2084
2085
2090
2091
2094
2096
2099
2102
2103
2104
2105
2106
2107
2112
2113
2115
2116
2117
2118
2121
2122
2123
2130
2133
2134
2135
2141
2143
2144
2146
2153
2155
2156
2162
2163
2166
2167
2171
2172
2177
2180
2183
2184
2185
2187
2188
2190
2191
2193
2194
2195
2196
2198
2203
2204
2206
2210
2216
2217
2218
2220
2221
2229
2232
2235
2236
2237
2241
2243
2245
2247
2248
2252
2254
2256
2257
2262
2263
2266
2270
2271
2272
2273
2275
2276
2277
2279
2280
2282
2284
2289
2293
2295
2299
2301
2303
2309
2313
2314
2320
2322
2323
2324
2327
2328
2331
2332
2333
2343
2344
2345
2346
2347
2348
2349
2351
2352
2353
2354
2357
2360
2365
2367
2368
2369
2370
2371
2373
2376
2377
2378
2379
2380
2381
2382
2387
2391
2393
2395
2396
2397
2398
2399
2400
2402
2403
2404
2406
2408
2409
2412
2413
2415
2417
2419
2422
2423
2424
2425
2430
2436
2440
2441
2442
2444
2445
2448
2451
2452
2457
2459
2460
2466
2467
2469
2472
2474
2476
2477
2478
2480
2481
2485
2486
2488
2489
2490
2492
2495
2499
2500
2501
2502
2503
2505
2508
2509
2512
2516
2517
2520
2522
2524
2525
2530
2534
2535
2536
2538
2541
2542
2543
2552
2554
2555
2556
2558
2559
2560
2572
2574
2576
2578
2579
2582
2584
2585
2588
2589
2591
2592
2593
2596
2597
2601
2606
2607
2608
2609
2610
2615
2617
2620
2628
2638
2642
2643
2645
2647
2648
2649
2650
2653
2654
2656
2671
2673
2679
2680
2681
2683
2684
2685
2700
2706
2707
