6
8
9
10
11
13
14
16
20
21
24
25
28
30
35
36
46
49
50
51
52
54
56
60
61
64
65
67
71
72
76
77
78
81
82
89
90
91
94
95
96
97
100
101
102
103
104
109
111
112
113
115
116
118
125
139
141
142
143
148
149
151
159
160
162
163
165
166
170
172
173
177
178
183
185
188
190
191
193
194
196
199
212
217
218
220
223
224
229
231
232
234
235
241
242
243
246
249
253
254
255
256
257
262
263
265
269
270
272
273
275
276
277
278
279
280
285
286
289
290
291
293
294
295
296
299
300
302
303
304
305
311
313
314
317
318
319
320
321
322
324
325
326
327
328
336
337
338
339
342
343
350
351
355
356
361
362
367
370
371
372
373
374
375
377
382
389
391
393
397
398
399
400
403
406
408
412
416
417
418
423
424
425
427
432
433
435
436
441
442
443
444
451
456
457
463
465
466
467
468
469
471
472
473
475
478
481
483
484
485
486
488
490
491
492
496
497
499
500
504
506
507
509
513
517
524
526
528
529
531
532
533
534
536
540
541
542
543
544
547
548
550
552
554
558
559
561
562
564
567
568
569
570
574
575
577
580
581
588
593
596
597
601
602
603
608
609
610
613
614
615
619
623
624
628
632
636
638
640
642
643
644
646
647
648
649
650
652
654
656
657
659
664
665
666
668
670
673
674
675
676
680
681
682
684
685
688
689
691
694
696
697
698
701
702
703
706
708
710
711
712
716
717
719
720
722
725
727
728
729
730
731
734
737
740
750
753
756
757
759
760
766
768
773
777
781
783
784
785
787
789
793
796
800
801
804
805
806
807
808
812
813
814
815
816
817
819
822
824
826
828
829
833
834
835
836
837
839
840
845
846
848
849
852
853
854
861
862
866
869
872
873
876
880
881
885
886
889
891
901
902
903
904
906
908
909
910
911
912
920
923
926
928
929
931
933
934
941
942
943
944
945
946
948
956
958
961
964
966
972
973
975
976
980
983
984
985
988
997
999
1000
1002
1006
1007
1008
1010
1011
1013
1016
1017
1018
1019
1022
1023
1025
1028
1030
1031
1037
1039
1041
1042
1043
1050
1055
1057
1060
1065
1066
1068
1070
1071
1074
1075
1076
1077
1079
1080
1082
1084
1085
1086
1087
1090
1092
1093
1095
1097
1098
1102
1106
1109
1110
1113
1115
1122
1126
1127
1129
1131
1135
1139
1140
1141
1144
1145
1146
1147
1148
1149
1152
1153
1154
1156
1159
1162
1164
1169
1172
1173
1174
1175
1178
1180
1182
1183
1184
1187
1188
1189
1193
1194
1195
1196
1200
1205
1211
1214
1216
1218
1223
1224
1226
1230
1238
1240
1241
1243
1244
1245
1250
1251
1252
1259
1262
1264
1269
1270
1271
1273
1274
1275
1278
1279
1280
1283
1287
1291
1292
1293
1297
1302
1309
1311
1312
1313
1316
1319
1321
1322
1323
1324
1325
1331
1332
1333
1334
1336
1338
1340
1344
1345
1346
1349
1350
1351
1359
1360
1363
1365
1366
1367
1368
1374
1377
1386
1387
1389
1391
1394
1396
1398
1399
1400
1401
1403
1404
1406
1409
1414
1416
1418
1419
1420
1422
1428
1433
1434
1435
1436
1437
1443
1444
1449
1450
1451
1452
1453
1456
1457
1458
1459
1460
1461
1464
1469
1472
1473
1474
1478
1480
1481
1486
1488
1489
1491
1492
1493
1494
1497
1502
1503
1506
1507
1508
1510
1515
1517
1518
1519
1520
1521
1523
1524
1526
1529
1531
1532
1534
1536
1539
1542
1546
1547
1551
1552
1558
1559
1562
1564
1565
1566
1567
1568
1569
1573
1574
1575
1576
1577
1579
1584
1586
1588
1589
1595
1601
1603
1604
1607
1608
1609
1611
1614
1615
1616
1621
1622
1624
1626
1629
1630
1633
1634
1635
1638
1639
1644
1645
1650
1652
1653
1654
1655
1659
1660
1661
1662
1666
1668
1670
1672
1674
1676
1677
1680
1683
1684
1685
1689
1697
1699
1701
1702
1704
1707
1708
1709
1711
1712
1714
1715
1716
1717
1720
1721
1722
1724
1726
1727
1728
1730
1733
1734
1735
1736
1737
1739
1742
1743
1746
1747
1749
1751
1752
1754
1755
1756
1759
1761
1764
1765
1766
1767
1768
1769
1772
1774
1775
1776
1779
1780
1781
1783
1790
1791
1793
1795
1797
1798
1799
1802
1803
1804
1806
1808
1810
1811
1812
1813
1815
1817
1818
1820
1823
1824
1827
1828
1829
1833
1834
1837
1842
1847
1849
1851
1852
1855
1857
1858
1859
1861
1862
1864
1870
1871
1875
1880
1881
1885
1886
1887
1891
1892
1894
1897
1899
1900
1902
1904
1906
1907
1910
1911
1912
1917
1918
1920
1923
1925
1926
1927
1928
1929
1930
1935
1936
1940
1941
1942
1944
1949
1950
1952
1953
1954
1956
1957
1959
1960
1964
1969
1972
1977
1983
1988
1989
1992
1996
1997
2002
2006
2011
2012
2020
2022
2023
2024
2026
2027
2028
2031
2034
2035
2037
2038
2042
2048
2049
2050
2051
2053
2056
2057
2060
2063
2064
2065
2068
2069
2072
2077
2078
2082
2085
2089
2093
2096
2097
2099
2103
2104
2105
2106
2107
2109
2110
2113
2118
2120
2121
2123
2129
2130
2132
2137
2138
2139
2142
2145
2147
2153
2162
2167
2171
2172
2178
2179
2180
2181
2183
2185
2186
2188
2194
2198
2201
2203
2207
2211
2213
2214
2217
2218
2220
2227
2228
2229
2232
2233
2236
2238
2240
2241
2242
2243
2245
2247
2248
2250
2252
2254
2256
2259
2261
2262
2263
2265
2271
2273
2275
2276
2279
2283
2284
2285
2286
2287
2289
2290
2291
2293
2294
2300
2303
2304
2306
2310
2315
2317
2319
2320
2321
2322
2323
2324
2326
2328
2330
2332
2333
2334
2335
2338
2339
2340
2342
2345
2347
2348
2350
2353
2357
2360
2361
2365
2366
2369
2373
2374
2375
2376
2380
2382
2386
2389
2390
2391
2394
2396
2397
2399
2400
2401
2404
2405
2406
2408
2409
2413
2418
2422
2423
2428
2436
2440
2443
2444
2446
2448
2450
2453
2456
2457
2460
2463
2464
2468
2472
2475
2476
2477
2478
2481
2486
2487
2488
2490
2491
2492
2498
2501
2502
2504
2505
2506
2508
2509
2511
2514
2516
2517
2519
2520
2521
2524
2527
2532
2536
2541
2548
2549
2550
2551
2552
2554
2555
2556
2557
2558
2559
2570
2571
2572
2574
2576
2577
2580
2581
2582
2584
2585
2588
2589
2592
2593
2594
2595
2597
2605
2606
2611
2612
2613
2616
2621
2627
2632
2641
2643
2648
2650
2651
2653
2654
2656
2657
2663
2671
2678
2681
2683
2684
2685
2689
2691
2696
2698
2699
2700
2706
2707
