4
5
6
11
13
18
19
20
21
22
28
32
33
34
35
38
39
40
48
50
51
52
53
54
55
57
59
61
62
64
70
71
72
79
81
82
83
88
89
90
95
98
105
107
110
112
113
115
116
118
119
120
121
126
128
129
131
133
136
139
146
148
151
153
157
159
164
165
166
170
173
175
179
180
181
182
183
185
193
194
195
196
197
199
203
206
211
212
215
217
218
219
224
228
229
231
232
233
235
243
244
245
248
249
252
255
260
261
262
263
264
267
273
275
276
277
279
280
281
288
291
293
294
295
298
299
306
308
310
313
315
316
317
318
319
323
324
325
326
327
337
341
343
350
351
354
355
359
361
363
364
365
366
371
372
373
375
376
377
384
386
389
392
393
396
397
398
400
401
402
403
410
411
412
413
416
417
420
425
430
434
436
437
439
440
442
443
444
445
447
448
451
454
455
456
458
461
463
465
466
467
468
469
471
473
476
480
481
482
483
485
486
487
488
490
493
505
506
507
508
512
518
519
522
523
525
526
528
529
531
536
541
542
544
547
549
550
554
555
556
557
562
563
564
565
567
568
569
570
572
575
576
578
579
581
582
584
589
594
598
599
603
604
608
613
614
615
616
619
620
623
624
628
630
631
632
637
638
639
640
645
648
649
650
655
656
664
666
667
668
669
670
672
675
676
678
679
680
681
682
684
685
687
688
689
694
698
699
701
704
706
708
710
714
715
718
719
724
726
727
729
731
733
735
737
738
739
743
744
747
748
751
752
755
756
759
761
765
767
770
771
772
775
777
781
782
787
789
791
793
795
797
801
803
804
806
807
809
810
811
813
814
815
816
819
820
823
825
828
831
833
835
837
841
842
843
844
845
848
849
851
852
853
854
855
856
858
859
861
864
867
870
871
874
876
877
880
881
883
885
886
887
888
890
891
893
894
895
897
901
902
903
906
907
909
910
913
918
922
923
924
925
931
934
935
936
938
940
941
943
950
955
961
962
964
965
966
968
970
972
976
977
978
979
984
985
987
993
995
997
1007
1008
1013
1014
1015
1016
1017
1019
1021
1025
1026
1027
1028
1031
1035
1040
1045
1051
1060
1061
1066
1068
1069
1070
1071
1072
1073
1075
1076
1078
1080
1081
1090
1093
1096
1098
1101
1102
1103
1104
1105
1115
1118
1120
1122
1124
1127
1128
1130
1133
1134
1137
1146
1147
1148
1149
1151
1152
1154
1155
1158
1159
1160
1161
1163
1167
1173
1177
1178
1182
1183
1184
1185
1188
1192
1193
1195
1197
1198
1199
1200
1201
1202
1204
1205
1206
1207
1211
1212
1213
1214
1216
1217
1222
1224
1228
1229
1230
1235
1239
1242
1246
1247
1248
1249
1250
1252
1254
1256
1260
1261
1266
1271
1272
1273
1274
1281
1282
1288
1289
1292
1293
1296
1301
1302
1303
1305
1309
1312
1313
1314
1319
1322
1323
1324
1325
1330
1331
1332
1333
1335
1338
1339
1340
1346
1351
1352
1354
1365
1368
1369
1372
1374
1377
1380
1383
1384
1385
1386
1388
1389
1394
1396
1398
1400
1402
1403
1404
1408
1412
1413
1414
1415
1416
1419
1421
1423
1424
1425
1426
1427
1428
1429
1430
1432
1433
1434
1435
1436
1440
1441
1444
1451
1452
1453
1454
1455
1456
1457
1458
1460
1464
1466
1470
1471
1472
1474
1478
1479
1483
1485
1490
1493
1497
1498
1499
1502
1503
1505
1508
1511
1515
1516
1519
1520
1524
1525
1526
1527
1528
1529
1530
1532
1533
1534
1538
1539
1542
1543
1549
1551
1555
1557
1558
1559
1561
1562
1565
1570
1571
1573
1574
1575
1585
1586
1587
1589
1590
1591
1595
1596
1604
1610
1611
1614
1616
1617
1623
1624
1627
1628
1630
1631
1632
1633
1636
1637
1638
1640
1643
1644
1646
1650
1651
1652
1653
1655
1656
1658
1659
1660
1663
1669
1672
1674
1675
1676
1678
1679
1682
1683
1687
1688
1689
1690
1694
1697
1701
1706
1709
1711
1712
1715
1717
1719
1723
1726
1729
1731
1733
1735
1737
1739
1740
1743
1745
1748
1750
1752
1754
1755
1759
1760
1766
1767
1768
1769
1772
1774
1780
1781
1783
1785
1786
1787
1788
1790
1794
1796
1799
1801
1802
1803
1807
1808
1809
1810
1813
1814
1816
1817
1819
1825
1828
1830
1831
1832
1837
1838
1842
1843
1844
1846
1850
1851
1860
1861
1863
1864
1865
1868
1869
1870
1874
1876
1879
1880
1881
1882
1885
1886
1887
1890
1892
1894
1896
1897
1898
1900
1902
1905
1912
1914
1915
1919
1920
1922
1923
1924
1925
1930
1931
1933
1935
1937
1939
1942
1943
1947
1949
1951
1952
1957
1958
1961
1962
1965
1968
1974
1976
1977
1978
1980
1981
1982
1984
1990
1991
1992
1995
1996
2000
2002
2003
2004
2008
2009
2012
2013
2015
2016
2018
2019
2020
2021
2024
2030
2031
2032
2033
2034
2035
2042
2045
2046
2053
2054
2055
2059
2063
2064
2069
2073
2075
2077
2078
2080
2083
2084
2085
2086
2087
2088
2093
2096
2101
2104
2105
2107
2108
2111
2114
2115
2116
2117
2118
2119
2120
2122
2125
2126
2128
2129
2131
2132
2133
2134
2138
2140
2143
2144
2145
2146
2148
2151
2153
2154
2155
2156
2162
2164
2175
2176
2180
2181
2182
2183
2184
2187
2189
2191
2196
2197
2199
2200
2202
2203
2205
2207
2208
2213
2214
2218
2220
2227
2234
2235
2239
2240
2241
2242
2245
2248
2251
2252
2253
2257
2258
2259
2263
2264
2269
2271
2274
2275
2277
2278
2280
2281
2283
2285
2288
2289
2294
2297
2302
2304
2307
2308
2309
2312
2313
2317
2318
2319
2321
2323
2324
2325
2327
2329
2331
2333
2339
2342
2343
2347
2349
2350
2353
2354
2355
2358
2359
2360
2361
2363
2365
2367
2370
2371
2378
2379
2383
2385
2386
2387
2388
2394
2395
2396
2398
2399
2402
2403
2405
2407
2412
2417
2418
2419
2420
2421
2425
2426
2427
2435
2439
2440
2443
2449
2456
2458
2459
2460
2463
2466
2467
2468
2471
2472
2474
2476
2477
2478
2480
2488
2492
2493
2494
2495
2496
2498
2500
2503
2504
2506
2507
2509
2512
2514
2515
2524
2528
2530
2532
2533
2534
2535
2536
2539
2540
2542
2543
2545
2548
2549
2551
2556
2557
2558
2568
2570
2571
2572
2573
2574
2576
2580
2584
2585
2587
2590
2593
2594
2596
2599
2606
2607
2611
2614
2615
2617
2621
2623
2632
2637
2638
2641
2642
2643
2653
2654
2655
2656
2658
2663
2667
2670
2673
2674
2677
2680
2681
2682
2684
2685
2689
2696
2700
2706
2707
