1
2
4
5
9
10
11
16
17
18
20
22
24
25
27
28
29
30
32
33
36
38
39
40
45
47
48
49
50
51
52
54
55
57
60
63
65
67
70
72
80
81
83
87
89
91
93
94
95
98
101
102
103
104
105
111
112
114
121
124
126
128
130
132
135
136
137
138
140
141
148
149
150
151
153
154
155
157
158
159
161
162
164
165
173
174
175
179
180
183
186
188
189
190
191
198
199
202
204
209
211
219
221
223
228
230
232
234
235
236
239
240
246
248
249
253
256
260
261
262
267
271
273
275
277
280
281
291
295
296
297
298
299
300
303
306
309
310
311
312
313
314
315
317
318
320
321
322
324
325
326
327
329
330
332
333
334
336
338
339
340
341
345
348
350
351
352
354
356
357
362
371
372
375
376
378
379
381
382
383
391
393
395
396
398
399
402
408
412
415
416
424
425
426
427
429
430
432
435
436
440
441
442
443
444
445
446
447
448
453
454
455
457
458
461
465
467
469
470
471
473
475
478
480
481
482
486
487
488
489
490
491
494
497
498
504
505
507
510
512
513
514
515
517
518
521
524
526
528
530
536
539
541
542
551
552
553
556
557
559
564
565
567
569
570
571
575
576
578
582
584
586
589
590
594
597
598
600
601
603
605
607
616
617
618
623
624
631
633
634
636
637
638
639
642
644
645
646
648
649
650
651
656
660
666
667
669
670
671
672
673
675
681
683
684
686
687
690
693
695
701
702
703
704
707
708
711
717
718
719
720
723
724
725
728
730
731
733
734
735
737
739
740
741
744
745
746
747
749
753
754
755
759
761
763
766
769
771
772
776
778
779
783
784
787
788
789
791
793
796
797
798
800
806
807
810
812
815
816
817
820
822
823
825
826
829
830
831
836
838
839
840
841
842
844
845
846
847
850
852
855
856
858
860
861
862
864
869
870
876
878
880
885
891
892
893
895
896
897
899
902
904
906
914
918
919
921
924
925
926
927
928
929
931
933
935
936
940
942
946
949
956
960
965
970
972
975
976
980
981
985
989
990
992
994
998
999
1002
1004
1006
1010
1011
1016
1017
1019
1021
1022
1025
1028
1030
1033
1039
1040
1041
1050
1053
1054
1055
1057
1058
1060
1062
1063
1066
1067
1068
1070
1072
1075
1080
1082
1087
1092
1093
1095
1099
1100
1101
1103
1105
1106
1107
1111
1114
1115
1117
1118
1120
1124
1125
1127
1129
1130
1133
1135
1137
1140
1144
1147
1148
1149
1152
1153
1155
1157
1159
1166
1171
1176
1177
1178
1186
1187
1188
1190
1191
1193
1194
1196
1198
1203
1205
1206
1211
1212
1215
1216
1217
1218
1219
1220
1221
1223
1225
1230
1235
1237
1241
1244
1245
1246
1247
1250
1252
1255
1261
1264
1265
1266
1268
1270
1272
1273
1274
1275
1278
1282
1284
1287
1290
1296
1299
1301
1302
1304
1305
1306
1307
1311
1312
1313
1314
1317
1319
1320
1324
1325
1332
1333
1334
1335
1337
1341
1345
1346
1349
1350
1351
1353
1354
1357
1358
1362
1366
1368
1370
1373
1376
1379
1381
1384
1386
1388
1394
1395
1396
1398
1400
1402
1403
1405
1409
1412
1414
1415
1417
1426
1427
1433
1434
1436
1440
1441
1442
1443
1446
1447
1450
1452
1453
1454
1455
1456
1462
1464
1465
1470
1478
1481
1482
1488
1489
1490
1495
1497
1499
1501
1505
1507
1509
1510
1511
1513
1514
1515
1516
1517
1518
1519
1520
1521
1522
1526
1531
1534
1535
1536
1537
1540
1550
1552
1553
1555
1558
1559
1564
1566
1568
1569
1575
1576
1577
1580
1584
1585
1588
1595
1596
1598
1602
1606
1612
1614
1615
1618
1619
1621
1630
1631
1633
1634
1635
1636
1637
1642
1643
1644
1651
1654
1655
1656
1658
1659
1661
1662
1663
1664
1667
1669
1670
1672
1679
1682
1685
1686
1689
1690
1694
1696
1697
1701
1702
1704
1705
1708
1711
1712
1713
1715
1723
1724
1725
1727
1729
1730
1732
1734
1735
1740
1742
1744
1747
1748
1751
1752
1754
1755
1757
1759
1761
1763
1765
1766
1767
1776
1780
1784
1786
1790
1796
1799
1801
1802
1805
1806
1807
1808
1809
1810
1812
1817
1818
1819
1820
1822
1823
1824
1828
1829
1830
1832
1833
1834
1837
1838
1843
1844
1846
1848
1851
1852
1854
1855
1857
1859
1863
1867
1869
1877
1882
1883
1884
1885
1886
1887
1888
1893
1896
1897
1898
1902
1905
1908
1909
1910
1912
1913
1915
1917
1918
1920
1921
1926
1928
1929
1930
1934
1935
1938
1939
1941
1947
1954
1956
1958
1959
1961
1962
1963
1964
1966
1967
1968
1971
1972
1976
1979
1981
1982
1984
1989
1996
1998
1999
2001
2004
2005
2007
2009
2010
2015
2017
2020
2024
2025
2034
2035
2041
2042
2043
2044
2045
2050
2053
2056
2057
2059
2060
2062
2064
2065
2066
2067
2068
2069
2070
2071
2072
2075
2078
2079
2081
2083
2086
2087
2089
2092
2093
2095
2099
2101
2103
2104
2107
2108
2110
2111
2113
2114
2115
2118
2121
2123
2125
2126
2128
2129
2131
2135
2136
2139
2141
2143
2144
2146
2148
2151
2154
2155
2156
2163
2165
2166
2172
2175
2178
2180
2181
2183
2185
2187
2190
2191
2193
2196
2197
2198
2199
2200
2207
2210
2212
2214
2216
2219
2227
2229
2231
2235
2236
2237
2238
2242
2244
2247
2251
2252
2258
2260
2262
2263
2264
2269
2270
2272
2274
2276
2277
2279
2280
2281
2282
2284
2286
2287
2290
2291
2292
2294
2296
2297
2300
2302
2306
2307
2308
2309
2311
2313
2314
2317
2319
2320
2321
2322
2323
2324
2327
2328
2329
2331
2332
2335
2336
2337
2340
2343
2344
2345
2346
2348
2350
2351
2353
2354
2356
2357
2361
2365
2368
2370
2371
2372
2374
2376
2377
2380
2381
2382
2385
2391
2392
2394
2399
2400
2402
2403
2412
2413
2414
2416
2419
2421
2422
2425
2426
2427
2428
2436
2439
2440
2441
2448
2449
2451
2452
2456
2458
2460
2464
2465
2466
2467
2468
2471
2472
2476
2488
2489
2492
2494
2497
2498
2499
2502
2503
2504
2505
2506
2508
2509
2512
2513
2514
2516
2518
2525
2527
2528
2531
2534
2538
2541
2543
2545
2550
2551
2552
2553
2554
2556
2559
2560
2563
2564
2568
2570
2572
2573
2576
2580
2582
2587
2589
2591
2592
2593
2595
2596
2597
2598
2601
2605
2606
2607
2613
2615
2616
2617
2620
2621
2630
2643
2646
2647
2650
2651
2654
2656
2657
2658
2663
2670
2671
2672
2673
2674
2680
2684
2689
2700
2706
