1
2
8
9
11
15
16
19
24
25
27
28
32
33
34
35
36
42
43
48
49
50
51
52
57
59
61
65
67
70
71
73
74
76
77
79
82
83
87
93
94
97
101
104
111
112
113
114
115
116
118
124
129
130
132
133
134
135
139
140
142
143
146
149
150
153
158
159
160
161
163
165
169
170
173
174
176
186
188
189
190
193
195
196
197
201
210
218
220
223
224
226
228
229
233
235
236
237
240
241
244
245
246
248
249
251
253
254
257
260
263
264
267
269
270
272
273
274
278
279
282
290
293
294
295
296
298
300
301
302
303
305
306
309
311
312
314
316
319
320
324
326
328
330
331
332
334
335
339
342
343
344
345
347
353
355
356
359
362
363
365
367
368
370
371
374
375
382
383
384
386
388
389
392
396
397
398
399
401
407
408
409
410
412
414
415
416
417
420
426
428
429
432
435
438
440
441
442
445
448
449
450
451
452
454
455
456
457
458
459
461
464
469
470
471
472
473
475
476
479
480
481
482
483
484
485
486
488
490
491
492
496
497
498
499
501
502
507
509
514
517
518
521
523
526
528
529
531
534
536
539
542
543
546
548
549
552
553
555
558
566
567
568
571
572
573
575
577
578
580
584
588
589
590
595
596
597
604
605
606
608
609
610
613
616
618
626
628
631
632
633
634
636
642
643
644
645
649
650
651
655
657
659
665
667
669
671
673
679
680
681
682
686
689
694
695
698
699
701
702
705
707
708
715
716
718
723
725
728
733
735
736
737
738
742
744
747
748
752
757
761
762
763
765
769
773
775
777
779
782
783
787
789
790
794
795
796
797
798
801
803
804
808
812
814
816
817
823
828
829
833
834
835
836
837
838
839
841
842
845
849
850
852
859
860
861
863
867
869
870
871
872
874
876
879
880
881
882
885
887
889
891
894
895
896
899
902
905
907
908
912
913
915
920
926
934
936
937
940
942
943
944
946
948
949
955
961
962
964
965
968
969
971
973
975
976
977
978
980
984
987
988
989
992
993
994
997
999
1002
1004
1006
1012
1016
1018
1021
1022
1027
1029
1031
1037
1039
1040
1041
1049
1050
1052
1053
1054
1055
1057
1060
1061
1062
1064
1065
1068
1069
1070
1072
1074
1075
1076
1078
1079
1080
1081
1082
1084
1087
1088
1089
1091
1096
1103
1116
1118
1120
1121
1122
1123
1124
1125
1127
1128
1129
1136
1138
1139
1142
1143
1144
1147
1148
1149
1151
1153
1154
1164
1166
1168
1169
1171
1173
1176
1178
1179
1180
1182
1183
1184
1185
1186
1187
1189
1190
1191
1197
1199
1200
1203
1211
1212
1218
1219
1220
1221
1223
1224
1226
1227
1229
1235
1238
1239
1241
1242
1243
1247
1249
1251
1254
1256
1260
1264
1273
1274
1279
1282
1284
1288
1290
1295
1297
1299
1302
1304
1307
1311
1312
1314
1316
1317
1320
1323
1329
1330
1331
1338
1352
1359
1360
1361
1362
1363
1367
1368
1372
1380
1381
1383
1385
1386
1387
1389
1395
1397
1399
1402
1403
1404
1405
1410
1411
1412
1413
1414
1415
1419
1420
1422
1423
1425
1427
1428
1429
1431
1432
1433
1434
1435
1440
1441
1443
1445
1453
1454
1455
1459
1461
1462
1464
1466
1468
1470
1471
1472
1473
1475
1477
1478
1479
1488
1490
1491
1493
1497
1502
1503
1505
1506
1509
1511
1514
1518
1521
1522
1531
1532
1534
1535
1539
1540
1543
1546
1547
1549
1550
1551
1555
1558
1559
1560
1561
1564
1566
1567
1569
1571
1572
1573
1578
1579
1581
1583
1584
1585
1588
1589
1590
1591
1595
1596
1597
1602
1604
1606
1608
1610
1611
1615
1617
1618
1620
1625
1626
1630
1632
1637
1638
1639
1641
1646
1649
1651
1652
1653
1654
1658
1661
1662
1666
1670
1671
1674
1678
1679
1682
1683
1684
1685
1687
1688
1689
1690
1693
1697
1699
1702
1703
1704
1709
1710
1712
1713
1714
1715
1716
1717
1718
1721
1722
1724
1725
1726
1728
1736
1737
1738
1740
1742
1743
1744
1745
1753
1756
1758
1759
1760
1762
1763
1765
1767
1768
1770
1772
1773
1778
1781
1782
1783
1784
1785
1787
1788
1791
1792
1796
1797
1798
1799
1800
1802
1805
1806
1811
1812
1816
1817
1819
1820
1821
1823
1824
1826
1830
1831
1840
1841
1843
1849
1851
1852
1854
1855
1856
1860
1863
1864
1865
1867
1868
1871
1875
1876
1877
1879
1881
1882
1885
1886
1888
1893
1895
1896
1903
1905
1908
1911
1913
1914
1915
1916
1917
1919
1924
1925
1927
1928
1932
1933
1934
1936
1937
1940
1946
1950
1954
1955
1959
1961
1963
1965
1966
1967
1968
1969
1970
1973
1979
1980
1981
1982
1987
1988
1989
1993
1994
1996
1998
2000
2001
2003
2004
2006
2010
2011
2017
2018
2023
2024
2026
2028
2030
2031
2035
2036
2037
2038
2039
2040
2044
2045
2047
2050
2051
2052
2053
2055
2056
2057
2060
2062
2064
2065
2067
2070
2075
2076
2078
2079
2080
2082
2084
2085
2087
2088
2093
2099
2101
2110
2112
2113
2117
2125
2126
2129
2130
2131
2132
2133
2134
2136
2137
2138
2143
2144
2145
2147
2149
2151
2152
2155
2166
2167
2168
2169
2171
2178
2181
2182
2184
2185
2187
2193
2194
2195
2196
2200
2204
2205
2207
2211
2216
2217
2218
2219
2220
2227
2229
2236
2237
2239
2240
2242
2245
2247
2249
2251
2259
2264
2265
2266
2267
2268
2270
2271
2273
2275
2276
2277
2278
2279
2280
2281
2282
2283
2286
2287
2288
2289
2290
2291
2292
2296
2297
2302
2305
2306
2307
2310
2311
2312
2314
2315
2316
2318
2319
2320
2322
2324
2325
2326
2327
2329
2331
2333
2339
2342
2343
2348
2349
2352
2354
2356
2357
2358
2359
2360
2362
2364
2365
2370
2374
2377
2379
2381
2383
2392
2393
2394
2398
2400
2402
2405
2408
2409
2412
2415
2416
2418
2421
2424
2427
2430
2434
2439
2440
2443
2444
2446
2447
2448
2449
2450
2458
2460
2463
2464
2465
2466
2467
2469
2471
2472
2473
2478
2480
2486
2489
2491
2492
2498
2499
2501
2502
2503
2505
2510
2511
2514
2515
2516
2517
2518
2520
2521
2522
2525
2534
2536
2540
2542
2545
2546
2548
2550
2551
2556
2557
2560
2561
2568
2571
2572
2574
2575
2576
2580
2584
2585
2589
2591
2592
2593
2595
2597
2598
2599
2605
2607
2608
2609
2610
2611
2612
2613
2614
2615
2620
2621
2623
2628
2637
2638
2642
2645
2647
2651
2656
2658
2663
2667
2668
2680
2683
2689
2691
2696
2698
2699
2706
2707
