0
1
2
8
10
15
19
32
38
39
41
43
45
47
48
51
52
53
54
56
58
59
60
63
67
68
70
71
73
74
79
80
81
88
93
96
97
98
102
104
105
110
113
115
116
118
119
125
126
128
129
133
134
136
138
139
140
141
146
147
149
152
153
155
157
160
161
163
164
174
175
177
178
179
181
182
183
185
189
190
191
193
194
196
197
202
203
204
206
210
211
212
215
219
221
223
226
232
234
236
239
240
242
245
248
249
254
256
258
260
261
263
265
266
267
268
271
272
273
274
275
277
278
280
286
288
295
296
298
299
305
306
311
312
315
316
317
319
324
326
329
331
333
334
335
336
339
342
343
344
345
346
348
349
350
352
355
356
363
365
367
368
370
374
375
381
386
387
393
395
396
397
398
402
403
405
411
413
415
418
419
425
426
427
428
435
437
438
442
443
450
451
453
457
460
461
463
464
466
467
468
473
479
480
481
482
484
486
487
489
490
499
502
503
507
509
512
516
517
518
519
521
523
524
526
527
528
529
530
532
535
539
541
542
543
544
546
547
548
550
552
557
558
562
563
564
565
566
567
568
573
576
577
579
580
584
590
591
595
596
597
599
601
602
603
604
605
606
607
608
609
612
613
615
616
620
621
626
627
628
631
632
633
636
637
639
640
642
643
644
646
648
649
650
651
657
661
663
668
669
670
672
674
675
682
683
687
688
690
696
697
698
705
706
707
709
710
712
716
717
719
720
729
731
733
735
736
737
738
740
746
747
752
754
756
757
759
762
765
766
768
769
770
772
775
776
779
782
783
785
789
791
794
797
799
803
805
806
808
811
812
813
814
815
817
818
824
825
826
827
831
833
835
836
839
840
841
845
848
849
852
854
855
856
861
864
866
868
870
871
875
878
879
882
884
886
888
890
891
893
894
897
901
902
903
905
908
909
913
914
916
918
919
921
923
928
931
935
945
946
948
951
952
963
964
965
966
970
971
976
977
979
982
987
988
989
990
992
993
994
995
996
999
1000
1002
1006
1012
1013
1014
1016
1017
1018
1020
1022
1025
1026
1033
1035
1037
1040
1041
1045
1046
1047
1051
1053
1057
1060
1063
1064
1065
1066
1067
1069
1070
1071
1072
1075
1078
1082
1083
1088
1089
1092
1093
1095
1098
1102
1105
1107
1109
1110
1113
1114
1119
1120
1121
1122
1123
1124
1126
1129
1131
1134
1135
1136
1137
1139
1141
1143
1144
1146
1147
1148
1151
1152
1153
1155
1156
1160
1164
1166
1167
1168
1171
1174
1175
1178
1180
1183
1184
1186
1187
1189
1190
1191
1194
1196
1197
1198
1201
1203
1204
1205
1207
1209
1212
1213
1215
1216
1218
1219
1221
1222
1226
1228
1229
1232
1240
1241
1242
1245
1248
1249
1250
1251
1252
1253
1254
1259
1260
1264
1265
1267
1273
1275
1278
1280
1281
1282
1284
1288
1289
1290
1291
1295
1299
1300
1305
1306
1309
1315
1316
1317
1322
1324
1326
1330
1332
1333
1334
1335
1337
1338
1339
1340
1344
1346
1349
1352
1353
1354
1355
1357
1358
1362
1363
1364
1367
1368
1369
1377
1379
1380
1381
1386
1390
1391
1392
1394
1396
1398
1400
1402
1403
1408
1413
1415
1417
1421
1423
1430
1431
1433
1435
1436
1440
1441
1442
1444
1445
1446
1447
1451
1452
1455
1457
1459
1460
1462
1463
1465
1466
1468
1469
1471
1475
1478
1484
1486
1490
1506
1507
1508
1509
1513
1514
1516
1518
1519
1520
1521
1525
1527
1531
1533
1543
1545
1546
1552
1556
1557
1559
1564
1566
1567
1569
1570
1574
1576
1577
1579
1581
1584
1586
1590
1591
1596
1597
1598
1599
1601
1603
1605
1608
1610
1611
1614
1619
1620
1621
1623
1626
1627
1628
1629
1630
1631
1634
1635
1636
1637
1639
1640
1641
1642
1646
1651
1653
1660
1661
1662
1663
1664
1665
1666
1667
1669
1670
1672
1677
1678
1679
1680
1684
1685
1686
1687
1689
1690
1693
1694
1696
1697
1699
1702
1703
1710
1711
1717
1719
1720
1721
1723
1725
1726
1729
1731
1733
1738
1739
1741
1743
1744
1745
1746
1752
1754
1755
1760
1761
1762
1764
1766
1768
1771
1772
1773
1774
1780
1781
1783
1784
1788
1789
1790
1791
1794
1796
1797
1802
1803
1804
1806
1807
1808
1811
1812
1813
1815
1817
1818
1829
1830
1831
1832
1833
1834
1837
1840
1842
1844
1846
1847
1850
1852
1856
1857
1859
1861
1862
1865
1866
1867
1870
1872
1873
1874
1878
1881
1884
1886
1889
1890
1892
1893
1894
1895
1903
1904
1905
1906
1908
1909
1910
1913
1914
1915
1917
1918
1919
1921
1922
1924
1926
1929
1930
1931
1935
1937
1938
1939
1943
1944
1945
1947
1949
1952
1955
1956
1959
1960
1962
1965
1966
1968
1971
1976
1978
1984
1986
1988
1990
1992
1993
1995
1996
1997
1999
2000
2001
2002
2003
2004
2005
2007
2008
2015
2018
2020
2022
2028
2033
2036
2037
2038
2039
2040
2042
2043
2044
2045
2046
2047
2049
2050
2052
2053
2055
2056
2057
2060
2061
2066
2069
2073
2075
2077
2079
2080
2082
2084
2085
2086
2088
2091
2099
2100
2102
2106
2107
2108
2109
2112
2114
2115
2116
2119
2120
2125
2129
2130
2131
2135
2140
2142
2145
2146
2148
2151
2153
2155
2156
2163
2164
2166
2167
2171
2172
2180
2181
2184
2186
2191
2193
2194
2196
2197
2200
2204
2205
2206
2211
2212
2213
2217
2219
2221
2228
2231
2234
2239
2240
2241
2242
2243
2246
2250
2251
2252
2256
2260
2261
2263
2266
2267
2268
2270
2271
2273
2274
2276
2278
2281
2282
2284
2285
2286
2288
2289
2291
2292
2295
2299
2303
2306
2307
2310
2311
2314
2316
2319
2321
2326
2327
2329
2331
2333
2334
2335
2336
2343
2348
2352
2353
2354
2357
2358
2359
2360
2362
2364
2366
2367
2369
2371
2373
2374
2376
2377
2378
2379
2380
2384
2387
2391
2395
2396
2399
2400
2401
2408
2414
2419
2422
2423
2427
2436
2439
2440
2443
2444
2445
2446
2448
2449
2452
2456
2458
2460
2463
2465
2467
2469
2470
2471
2474
2478
2480
2486
2488
2491
2492
2493
2494
2496
2500
2503
2504
2506
2509
2512
2513
2514
2515
2517
2518
2527
2528
2530
2531
2532
2536
2539
2540
2545
2549
2550
2551
2552
2558
2564
2570
2573
2577
2579
2587
2589
2596
2599
2601
2606
2607
2609
2611
2616
2623
2627
2630
2637
2640
2647
2648
2649
2652
2656
2657
2667
2672
2675
2677
2678
2679
2680
2681
2683
2685
2689
2691
2696
2700
2707
