0
1
2
4
5
6
8
14
15
17
18
19
21
24
25
29
32
33
37
39
41
42
43
48
49
53
54
57
58
59
61
63
65
67
68
69
74
76
77
79
81
82
83
85
87
89
90
91
95
100
101
102
103
105
107
110
111
113
114
118
119
121
124
126
128
132
135
136
137
138
142
143
146
151
153
154
157
159
162
164
165
173
174
175
177
178
179
181
182
183
188
189
190
192
196
197
199
201
204
211
212
220
224
226
229
230
232
234
235
239
242
252
257
262
265
266
273
275
279
288
293
298
303
304
309
311
312
314
315
317
318
324
325
327
328
329
331
335
337
339
340
341
343
344
346
358
360
363
364
365
372
376
377
378
379
384
386
388
389
395
396
397
398
401
407
408
409
410
412
416
417
418
420
421
423
424
425
427
429
433
435
436
437
438
439
441
442
444
449
450
451
453
457
458
459
460
461
466
467
478
479
481
483
485
487
488
489
491
492
496
499
501
504
509
510
511
512
515
516
517
519
521
522
523
524
525
527
532
534
539
543
546
550
552
556
559
562
570
571
572
575
577
580
581
584
586
590
598
599
602
603
604
605
606
607
612
614
616
620
622
623
624
628
630
634
637
638
639
643
644
647
649
652
654
655
656
659
660
661
663
664
665
666
668
670
671
673
679
684
685
686
687
690
691
694
695
701
702
704
707
708
709
710
711
719
720
722
724
727
730
733
734
737
739
740
741
742
743
744
745
746
747
748
754
755
757
759
761
762
764
765
766
767
768
771
772
773
775
776
777
778
781
784
785
787
789
795
796
797
798
799
801
802
807
810
814
816
819
820
822
825
828
830
831
833
834
836
838
841
843
844
845
846
847
852
853
854
858
864
872
874
875
876
877
878
879
881
882
884
886
887
889
890
893
894
895
896
897
899
901
902
910
914
916
919
921
923
927
929
931
937
942
945
946
950
951
955
964
966
968
969
972
973
975
976
979
982
983
987
990
993
995
996
997
998
999
1000
1002
1003
1004
1008
1011
1014
1016
1017
1018
1019
1020
1025
1026
1028
1033
1035
1038
1039
1045
1046
1052
1054
1057
1060
1061
1062
1068
1070
1072
1074
1076
1081
1082
1083
1085
1086
1088
1101
1102
1103
1106
1107
1111
1113
1116
1119
1121
1133
1137
1139
1140
1141
1142
1143
1144
1146
1147
1148
1149
1150
1154
1156
1157
1158
1166
1168
1172
1173
1175
1178
1180
1182
1184
1185
1188
1192
1194
1196
1197
1199
1200
1203
1206
1207
1209
1211
1214
1216
1220
1223
1224
1225
1226
1229
1230
1234
1235
1241
1243
1247
1248
1249
1254
1255
1259
1261
1262
1264
1265
1270
1272
1274
1276
1277
1278
1279
1282
1284
1285
1290
1291
1292
1293
1295
1296
1300
1301
1302
1303
1307
1308
1311
1312
1313
1315
1316
1319
1324
1325
1338
1339
1344
1346
1347
1348
1352
1353
1354
1358
1359
1361
1367
1369
1370
1373
1374
1376
1377
1380
1389
1391
1394
1395
1398
1400
1401
1403
1404
1405
1406
1410
1415
1416
1417
1419
1428
1430
1431
1432
1433
1434
1435
1440
1441
1443
1447
1451
1452
1453
1455
1456
1460
1464
1465
1467
1468
1470
1474
1475
1477
1479
1480
1484
1486
1489
1491
1492
1493
1495
1501
1502
1508
1512
1514
1515
1516
1517
1519
1520
1521
1522
1524
1525
1526
1528
1530
1534
1535
1536
1537
1539
1540
1545
1546
1547
1548
1549
1552
1556
1557
1558
1560
1564
1566
1570
1572
1573
1575
1576
1580
1581
1583
1585
1586
1589
1592
1595
1596
1599
1601
1602
1603
1606
1607
1608
1611
1616
1618
1621
1622
1623
1624
1625
1626
1629
1634
1635
1639
1640
1641
1643
1644
1645
1646
1650
1651
1653
1655
1656
1660
1661
1662
1664
1665
1667
1668
1670
1672
1674
1676
1677
1679
1682
1685
1686
1690
1694
1697
1699
1700
1702
1704
1705
1707
1710
1713
1714
1715
1717
1722
1723
1725
1728
1731
1733
1735
1736
1739
1740
1743
1744
1746
1748
1752
1753
1755
1757
1759
1760
1761
1762
1763
1764
1765
1767
1769
1770
1772
1773
1774
1775
1776
1777
1780
1785
1786
1788
1789
1790
1792
1793
1794
1795
1800
1802
1807
1809
1812
1814
1815
1816
1818
1819
1822
1823
1826
1830
1831
1832
1834
1837
1838
1840
1841
1842
1844
1846
1849
1850
1853
1856
1857
1859
1860
1861
1862
1864
1865
1866
1868
1870
1871
1872
1878
1881
1884
1885
1887
1892
1893
1894
1896
1897
1899
1900
1901
1902
1905
1906
1908
1910
1911
1913
1915
1916
1917
1919
1920
1922
1926
1927
1929
1931
1934
1936
1938
1939
1940
1941
1943
1945
1946
1947
1948
1949
1954
1955
1956
1957
1960
1961
1964
1965
1972
1973
1977
1979
1983
1984
1987
1989
1994
1995
1996
1997
1998
1999
2002
2003
2005
2008
2010
2012
2019
2023
2029
2030
2032
2036
2037
2038
2039
2040
2041
2042
2045
2046
2047
2048
2049
2050
2052
2055
2063
2065
2067
2072
2073
2074
2075
2077
2081
2083
2084
2086
2087
2089
2092
2094
2096
2098
2101
2102
2103
2104
2105
2109
2114
2116
2118
2120
2121
2122
2123
2127
2130
2131
2132
2134
2136
2137
2138
2140
2141
2142
2143
2145
2148
2151
2152
2153
2154
2155
2165
2166
2167
2168
2169
2170
2172
2175
2177
2181
2188
2189
2193
2195
2200
2201
2203
2208
2212
2213
2214
2217
2227
2230
2232
2233
2235
2237
2241
2242
2243
2245
2248
2249
2250
2251
2253
2254
2256
2257
2261
2263
2264
2265
2268
2270
2273
2274
2275
2278
2279
2280
2282
2286
2289
2294
2295
2297
2298
2301
2303
2304
2305
2308
2309
2312
2315
2318
2320
2323
2327
2329
2331
2333
2334
2336
2340
2343
2344
2346
2347
2348
2350
2356
2360
2361
2362
2367
2371
2372
2373
2375
2376
2378
2380
2381
2383
2384
2385
2386
2388
2390
2391
2394
2396
2397
2398
2400
2403
2405
2406
2408
2409
2415
2420
2424
2426
2427
2428
2430
2434
2436
2439
2441
2444
2446
2449
2452
2458
2464
2465
2466
2472
2473
2474
2477
2480
2485
2488
2489
2491
2494
2497
2498
2499
2501
2509
2512
2515
2518
2520
2522
2523
2524
2527
2528
2531
2533
2538
2541
2542
2552
2557
2558
2559
2560
2564
2571
2572
2573
2574
2575
2576
2577
2581
2589
2592
2593
2594
2597
2608
2609
2613
2615
2616
2621
2628
2632
2645
2646
2647
2648
2649
2650
2651
2652
2655
2658
2663
2667
2668
2670
2672
2673
2675
2677
2678
2679
2682
2689
2706
2707
