6
8
9
11
13
16
18
20
24
25
28
32
34
36
37
39
41
43
49
50
51
52
54
57
63
65
67
68
70
71
72
73
76
77
85
90
91
93
94
96
97
98
102
104
109
111
113
116
118
119
120
124
126
128
134
135
136
137
138
139
140
141
142
143
146
149
150
151
153
154
155
156
157
162
164
165
170
172
173
174
177
178
179
180
181
183
185
190
191
193
195
196
197
199
210
211
212
214
215
216
218
220
223
226
227
228
230
232
234
235
236
238
239
240
246
248
249
251
253
254
255
257
258
261
263
266
269
270
272
273
274
277
278
280
281
282
283
285
286
288
289
291
296
298
299
300
303
306
308
309
312
314
317
318
319
324
325
326
328
331
332
334
335
336
338
340
341
342
343
345
347
348
354
356
357
362
366
367
371
372
373
377
378
379
381
384
392
395
400
401
402
403
405
408
409
414
415
416
417
426
428
430
432
434
438
439
445
447
449
453
456
457
465
466
467
473
475
480
482
490
493
494
496
497
498
501
502
504
505
510
511
513
516
521
522
523
524
525
526
527
530
531
533
534
535
541
543
546
547
552
556
561
564
566
568
569
572
573
576
578
581
586
589
590
591
594
595
602
604
609
610
613
615
617
618
619
620
622
624
628
629
630
633
636
637
640
642
646
647
649
650
652
655
658
663
664
667
669
670
672
673
674
681
683
685
689
693
701
705
706
708
709
714
717
722
725
727
728
729
730
731
732
733
735
738
740
741
744
745
746
749
750
751
752
753
754
758
762
764
766
767
769
770
771
773
776
777
781
784
785
787
789
791
795
796
799
803
804
805
806
807
808
811
812
813
814
815
816
818
822
823
827
829
830
831
834
835
838
839
842
843
847
849
851
854
855
856
859
860
864
866
867
868
871
875
876
879
881
882
883
886
887
889
893
897
899
900
901
902
909
910
912
915
918
919
920
923
925
929
931
933
937
940
941
942
945
946
950
952
955
956
960
962
964
970
972
973
977
978
982
984
993
997
998
999
1004
1007
1009
1014
1015
1018
1019
1026
1028
1030
1031
1035
1037
1038
1039
1040
1042
1043
1047
1049
1051
1052
1055
1057
1060
1062
1064
1069
1073
1076
1079
1082
1083
1084
1087
1088
1089
1091
1092
1093
1096
1097
1100
1102
1105
1106
1111
1114
1115
1116
1117
1119
1120
1121
1122
1123
1124
1129
1131
1132
1133
1134
1135
1136
1137
1138
1139
1148
1149
1153
1156
1157
1160
1161
1164
1166
1167
1168
1169
1171
1174
1175
1176
1178
1179
1182
1183
1185
1186
1188
1192
1197
1199
1200
1201
1204
1205
1206
1207
1209
1213
1214
1215
1216
1219
1221
1225
1230
1232
1234
1237
1238
1240
1242
1245
1248
1251
1252
1253
1254
1255
1260
1261
1262
1264
1267
1271
1272
1275
1276
1277
1279
1281
1284
1285
1288
1291
1294
1296
1299
1300
1301
1304
1311
1312
1315
1317
1323
1329
1332
1334
1336
1338
1343
1345
1347
1349
1352
1353
1357
1358
1360
1362
1363
1364
1365
1372
1377
1379
1381
1382
1383
1388
1389
1391
1394
1397
1399
1400
1401
1402
1404
1408
1409
1411
1414
1415
1419
1420
1425
1430
1432
1434
1437
1440
1444
1447
1448
1449
1453
1454
1456
1459
1460
1461
1464
1467
1469
1471
1472
1473
1474
1477
1478
1482
1484
1488
1490
1491
1492
1493
1500
1502
1506
1508
1511
1512
1513
1514
1516
1519
1520
1522
1524
1527
1530
1531
1532
1536
1537
1538
1540
1543
1548
1549
1550
1551
1553
1558
1565
1567
1568
1569
1571
1572
1573
1574
1576
1580
1583
1585
1586
1587
1591
1596
1597
1598
1602
1603
1606
1608
1609
1610
1614
1615
1616
1617
1621
1622
1623
1624
1626
1628
1631
1633
1635
1636
1640
1642
1643
1645
1646
1651
1656
1661
1662
1665
1666
1667
1668
1671
1672
1675
1678
1683
1684
1685
1687
1688
1693
1695
1699
1712
1715
1717
1718
1721
1722
1727
1729
1733
1734
1736
1739
1740
1743
1744
1745
1746
1749
1751
1753
1755
1757
1758
1761
1762
1765
1767
1768
1771
1780
1783
1784
1786
1787
1788
1794
1795
1796
1799
1800
1801
1804
1805
1806
1808
1809
1813
1816
1817
1818
1820
1821
1825
1826
1827
1829
1830
1831
1833
1834
1840
1841
1842
1843
1844
1845
1849
1850
1853
1854
1856
1857
1860
1865
1866
1867
1870
1873
1877
1878
1881
1882
1883
1884
1885
1886
1887
1888
1889
1893
1895
1897
1900
1903
1905
1906
1908
1909
1910
1911
1912
1913
1915
1916
1918
1919
1920
1923
1927
1928
1931
1933
1934
1935
1938
1941
1942
1943
1946
1948
1949
1951
1952
1953
1957
1963
1965
1966
1967
1969
1978
1980
1981
1985
1986
1987
1988
1990
1993
1998
1999
2000
2001
2002
2004
2007
2009
2010
2014
2015
2018
2022
2027
2028
2032
2033
2034
2036
2037
2038
2039
2040
2044
2049
2050
2051
2052
2054
2055
2059
2064
2067
2071
2077
2079
2080
2084
2085
2088
2089
2090
2092
2095
2096
2098
2100
2102
2105
2110
2111
2112
2113
2118
2119
2120
2121
2122
2125
2126
2129
2130
2132
2133
2134
2135
2136
2137
2143
2149
2151
2163
2164
2165
2171
2175
2177
2179
2181
2185
2186
2194
2196
2197
2199
2200
2201
2207
2208
2210
2215
2216
2219
2220
2221
2227
2231
2232
2234
2235
2237
2238
2240
2241
2242
2244
2246
2249
2256
2257
2258
2260
2262
2263
2264
2266
2267
2269
2271
2273
2278
2279
2280
2281
2282
2283
2284
2286
2288
2289
2290
2294
2298
2300
2302
2304
2306
2307
2308
2309
2312
2316
2317
2319
2320
2325
2326
2329
2331
2333
2335
2337
2338
2339
2340
2344
2349
2351
2352
2353
2354
2355
2356
2357
2358
2360
2361
2362
2364
2366
2368
2369
2370
2374
2376
2379
2380
2381
2382
2383
2384
2385
2388
2389
2391
2393
2395
2398
2405
2409
2412
2413
2414
2415
2416
2418
2421
2425
2430
2435
2436
2440
2441
2448
2449
2452
2456
2459
2463
2464
2468
2469
2470
2473
2474
2477
2478
2487
2489
2490
2494
2496
2498
2500
2501
2502
2507
2510
2511
2514
2515
2521
2524
2527
2528
2530
2536
2538
2541
2545
2546
2547
2550
2552
2553
2554
2556
2557
2558
2559
2560
2563
2570
2574
2576
2577
2580
2584
2585
2590
2592
2594
2608
2609
2611
2614
2615
2616
2617
2623
2628
2630
2632
2638
2640
2643
2647
2650
2652
2653
2655
2657
2658
2667
2668
2671
2672
2673
2674
2675
2679
2681
2682
2684
2691
2696
