0
2
4
8
10
15
17
18
19
22
24
27
28
29
30
33
34
36
38
41
42
47
48
49
51
53
57
58
60
62
64
65
68
69
72
73
78
80
81
85
88
90
95
96
97
98
101
105
107
110
112
113
115
118
119
120
132
133
137
140
141
146
147
149
150
151
152
153
154
158
159
160
161
164
165
169
170
171
175
178
180
181
182
183
185
186
192
193
194
195
196
201
202
204
206
209
210
214
216
220
224
226
227
231
235
236
237
238
241
242
246
248
251
253
256
263
265
270
272
276
277
279
285
290
293
295
296
298
308
309
310
312
313
315
316
318
324
325
326
328
331
332
333
337
339
344
347
349
352
353
355
356
359
362
365
367
371
372
373
375
381
384
387
392
394
396
397
403
405
406
407
410
411
412
416
419
420
423
428
429
430
432
433
434
436
437
439
440
442
444
445
446
447
448
451
452
454
457
458
463
470
471
473
475
480
486
487
489
494
499
500
503
504
505
507
508
509
510
511
514
516
517
521
522
524
525
527
528
529
531
532
533
535
536
539
540
541
544
552
553
554
555
556
558
561
566
567
568
571
574
579
580
584
586
589
590
591
594
595
596
598
599
600
601
602
604
605
610
613
615
618
620
621
623
626
627
630
636
637
638
639
642
643
645
646
647
651
652
654
658
659
660
663
665
667
670
671
673
678
680
681
686
687
688
689
693
694
696
699
704
705
706
708
709
714
715
717
718
720
724
726
727
730
732
733
735
736
738
739
741
743
744
746
751
752
756
759
761
763
764
765
766
769
771
778
781
782
783
784
787
789
790
791
793
795
796
799
801
803
808
809
810
812
813
814
815
816
817
818
824
825
826
827
828
830
835
836
839
840
842
849
850
854
855
859
860
863
864
866
867
869
872
875
878
879
880
882
884
885
887
890
891
893
895
897
899
901
903
906
910
916
918
923
924
927
937
938
940
942
944
946
948
951
956
961
964
965
966
968
970
972
976
977
978
979
988
989
992
993
994
997
999
1002
1007
1008
1009
1013
1014
1015
1016
1017
1019
1020
1022
1026
1027
1028
1029
1031
1033
1037
1040
1042
1046
1049
1050
1051
1055
1062
1066
1068
1069
1072
1077
1079
1082
1086
1087
1088
1090
1093
1094
1096
1098
1099
1100
1101
1102
1103
1104
1105
1117
1118
1122
1127
1129
1132
1133
1135
1136
1139
1140
1142
1143
1145
1146
1148
1150
1158
1159
1161
1162
1164
1166
1168
1171
1174
1175
1176
1178
1179
1180
1183
1185
1190
1192
1194
1197
1198
1199
1201
1202
1204
1205
1206
1207
1209
1212
1213
1215
1217
1219
1220
1222
1225
1227
1229
1230
1235
1237
1239
1243
1244
1247
1254
1255
1256
1258
1262
1266
1267
1272
1275
1281
1283
1285
1289
1292
1293
1294
1297
1299
1301
1302
1303
1304
1307
1309
1313
1314
1316
1317
1322
1325
1329
1330
1331
1335
1336
1338
1339
1341
1346
1347
1349
1350
1352
1355
1357
1358
1359
1361
1362
1363
1366
1367
1372
1373
1376
1377
1381
1383
1384
1387
1389
1390
1395
1397
1398
1418
1419
1420
1423
1424
1427
1429
1431
1432
1433
1435
1441
1447
1449
1452
1453
1455
1456
1458
1460
1467
1474
1475
1477
1479
1481
1482
1484
1490
1491
1492
1493
1494
1497
1499
1500
1501
1502
1503
1507
1508
1509
1512
1513
1514
1516
1517
1519
1525
1526
1527
1530
1531
1538
1539
1542
1548
1549
1550
1551
1553
1555
1560
1561
1564
1565
1566
1568
1570
1573
1577
1578
1583
1584
1585
1586
1587
1589
1591
1595
1596
1601
1605
1606
1615
1616
1618
1620
1622
1623
1624
1628
1629
1630
1635
1638
1639
1642
1644
1646
1652
1653
1654
1655
1656
1661
1662
1665
1670
1671
1672
1676
1678
1681
1683
1684
1685
1686
1687
1689
1690
1693
1704
1705
1707
1713
1715
1717
1721
1722
1729
1733
1734
1736
1737
1738
1743
1745
1746
1748
1749
1751
1753
1754
1755
1760
1764
1765
1771
1773
1775
1779
1780
1781
1785
1787
1788
1790
1792
1793
1798
1800
1802
1803
1804
1806
1808
1809
1810
1811
1812
1814
1816
1818
1819
1820
1824
1827
1828
1830
1831
1841
1845
1847
1853
1856
1859
1861
1862
1863
1866
1868
1870
1872
1874
1875
1880
1881
1883
1885
1887
1888
1889
1892
1893
1894
1895
1896
1898
1899
1901
1902
1905
1906
1908
1909
1912
1913
1915
1917
1918
1920
1922
1924
1925
1926
1928
1933
1934
1938
1939
1942
1943
1945
1946
1947
1948
1949
1951
1952
1953
1954
1955
1956
1958
1959
1960
1964
1965
1966
1968
1971
1972
1973
1976
1977
1978
1979
1980
1983
1987
1988
1992
1996
1997
1998
2003
2004
2005
2006
2008
2009
2011
2013
2015
2017
2018
2021
2022
2024
2025
2026
2027
2028
2032
2036
2037
2038
2040
2041
2042
2043
2044
2047
2049
2051
2052
2053
2059
2061
2064
2067
2071
2072
2073
2074
2075
2076
2080
2083
2084
2085
2086
2088
2089
2090
2092
2095
2096
2098
2099
2100
2106
2107
2108
2112
2113
2114
2115
2116
2121
2122
2125
2128
2129
2130
2132
2133
2136
2137
2140
2141
2144
2153
2156
2162
2163
2166
2167
2168
2169
2172
2175
2176
2177
2178
2186
2190
2197
2198
2200
2205
2206
2207
2210
2211
2212
2213
2216
2218
2227
2228
2231
2232
2236
2237
2239
2240
2241
2242
2243
2244
2247
2257
2258
2259
2262
2263
2267
2271
2272
2274
2276
2277
2280
2281
2283
2285
2288
2296
2298
2299
2300
2302
2303
2306
2309
2310
2313
2316
2321
2322
2330
2334
2335
2336
2339
2342
2343
2344
2345
2347
2348
2352
2354
2355
2356
2357
2358
2359
2360
2362
2365
2370
2372
2373
2375
2381
2382
2383
2384
2385
2386
2387
2392
2394
2395
2398
2401
2404
2405
2406
2407
2408
2409
2413
2416
2417
2418
2419
2422
2423
2426
2430
2436
2439
2440
2442
2443
2446
2447
2448
2450
2451
2453
2456
2459
2462
2463
2465
2470
2471
2472
2473
2474
2477
2480
2481
2491
2493
2494
2495
2496
2499
2500
2501
2502
2503
2505
2507
2508
2509
2510
2512
2513
2514
2519
2520
2521
2523
2525
2530
2534
2535
2536
2538
2539
2545
2547
2549
2550
2552
2553
2554
2555
2556
2557
2558
2564
2571
2573
2574
2575
2578
2579
2585
2589
2590
2593
2598
2607
2608
2614
2617
2620
2621
2623
2630
2638
2641
2646
2647
2648
2649
2652
2656
2657
2658
2663
2667
2671
2672
2673
2675
2677
2678
2681
2682
2684
2691
2696
2700
2707
