0
2
5
9
15
16
29
32
36
37
38
40
42
45
47
50
51
53
54
55
56
57
58
59
60
62
63
73
74
77
81
82
87
88
96
98
101
104
107
109
111
113
114
116
120
124
129
135
136
140
146
150
152
154
155
156
158
162
163
164
165
171
173
178
179
180
181
183
188
190
192
197
198
199
205
212
214
215
217
220
221
224
228
229
230
232
234
235
236
237
238
239
240
242
243
244
245
246
248
249
251
254
258
261
263
267
271
274
275
276
277
282
283
285
286
288
289
291
293
294
297
298
299
301
303
304
306
308
317
318
319
320
324
327
328
329
330
332
334
337
339
340
341
342
343
345
346
347
348
349
351
352
353
355
357
358
359
363
365
367
368
370
372
374
375
379
386
387
389
391
392
393
396
398
399
400
402
403
405
406
409
410
414
415
416
419
421
423
424
425
426
427
430
433
439
440
441
443
444
448
452
453
456
458
460
461
463
464
465
466
473
481
482
484
487
489
490
491
492
494
496
500
503
504
506
507
508
511
512
513
514
517
518
519
521
522
523
525
526
527
528
529
530
531
532
533
536
539
540
543
544
548
549
551
554
558
562
563
564
565
566
567
569
571
572
573
574
577
579
584
586
589
590
593
594
596
598
603
604
606
609
610
612
613
614
615
621
626
631
632
633
636
642
644
646
647
648
651
654
655
656
657
660
661
665
666
673
675
676
678
679
680
681
682
683
684
690
695
699
703
704
705
706
714
718
719
720
723
724
725
728
734
736
740
742
745
746
750
751
752
756
765
768
770
772
773
775
778
779
781
782
783
784
787
790
791
794
795
796
797
801
802
803
807
809
810
811
815
822
827
833
837
839
843
845
850
851
852
854
855
856
859
860
861
862
869
871
872
873
876
879
882
884
890
892
894
895
900
902
903
906
907
909
911
912
913
915
916
919
920
922
924
925
927
934
936
937
940
942
944
949
950
951
955
956
957
960
962
964
968
973
975
976
979
981
982
984
985
987
988
989
995
997
998
1003
1010
1014
1015
1016
1017
1018
1019
1020
1022
1025
1029
1030
1037
1038
1039
1041
1042
1043
1045
1046
1047
1051
1054
1055
1060
1063
1064
1066
1067
1068
1069
1071
1073
1075
1076
1081
1084
1085
1088
1092
1096
1097
1103
1104
1109
1114
1116
1117
1120
1122
1124
1125
1126
1127
1128
1129
1132
1133
1134
1135
1136
1138
1141
1142
1144
1145
1148
1149
1151
1153
1156
1158
1160
1164
1166
1167
1168
1171
1173
1175
1177
1178
1180
1184
1186
1191
1192
1195
1199
1202
1205
1206
1207
1211
1213
1215
1216
1222
1224
1226
1227
1232
1234
1235
1238
1242
1244
1246
1247
1249
1250
1251
1252
1253
1264
1267
1268
1271
1272
1279
1283
1284
1285
1287
1291
1292
1294
1295
1296
1300
1303
1311
1314
1315
1325
1329
1331
1335
1339
1341
1345
1346
1347
1349
1350
1354
1355
1359
1362
1363
1364
1365
1368
1369
1370
1372
1373
1374
1376
1380
1381
1382
1384
1385
1389
1390
1391
1392
1395
1398
1409
1412
1414
1417
1423
1429
1431
1432
1434
1436
1437
1446
1450
1451
1452
1454
1455
1458
1460
1461
1465
1468
1469
1470
1473
1474
1477
1482
1484
1486
1490
1492
1495
1498
1503
1510
1511
1512
1515
1521
1522
1523
1525
1528
1530
1531
1532
1534
1535
1537
1538
1539
1543
1548
1549
1550
1552
1553
1555
1558
1559
1560
1561
1562
1564
1567
1568
1571
1573
1574
1579
1580
1584
1585
1587
1588
1591
1595
1596
1597
1601
1602
1603
1607
1608
1609
1610
1611
1612
1619
1620
1622
1624
1625
1626
1627
1630
1631
1632
1636
1640
1641
1643
1645
1649
1652
1654
1660
1663
1664
1666
1668
1669
1670
1671
1675
1676
1678
1684
1686
1687
1688
1689
1690
1695
1697
1699
1701
1702
1704
1705
1712
1713
1716
1717
1718
1719
1721
1722
1724
1728
1731
1733
1734
1739
1740
1743
1744
1745
1748
1753
1757
1759
1761
1763
1766
1768
1770
1773
1774
1776
1779
1781
1782
1785
1786
1790
1793
1794
1795
1797
1798
1801
1804
1805
1806
1807
1810
1815
1819
1824
1826
1827
1830
1831
1834
1839
1843
1848
1850
1855
1856
1859
1862
1863
1864
1866
1868
1873
1874
1877
1879
1880
1882
1884
1886
1887
1889
1890
1891
1892
1897
1898
1900
1901
1902
1907
1909
1911
1912
1913
1914
1915
1916
1919
1920
1921
1926
1927
1928
1929
1931
1935
1936
1939
1940
1941
1945
1946
1947
1950
1953
1954
1956
1960
1961
1962
1966
1967
1969
1972
1973
1978
1979
1980
1981
1987
1988
1990
1993
1996
1997
1999
2001
2002
2003
2005
2008
2012
2013
2014
2018
2020
2022
2024
2026
2029
2030
2033
2034
2039
2040
2041
2043
2045
2046
2047
2048
2051
2052
2053
2056
2060
2061
2064
2065
2067
2069
2070
2072
2073
2074
2077
2078
2079
2081
2083
2087
2089
2090
2093
2094
2095
2096
2097
2100
2101
2106
2109
2111
2112
2114
2116
2119
2120
2122
2125
2127
2130
2131
2132
2133
2138
2139
2141
2143
2148
2149
2151
2154
2155
2156
2162
2163
2166
2167
2168
2175
2176
2177
2179
2183
2187
2193
2194
2195
2197
2198
2201
2202
2205
2208
2210
2212
2214
2215
2216
2217
2218
2220
2221
2227
2229
2231
2234
2235
2236
2242
2243
2244
2246
2248
2251
2254
2257
2259
2261
2262
2267
2268
2269
2270
2271
2272
2273
2274
2276
2277
2281
2282
2283
2286
2291
2294
2296
2297
2298
2299
2300
2301
2307
2309
2310
2312
2317
2318
2321
2322
2325
2327
2328
2329
2330
2331
2336
2338
2339
2342
2345
2348
2349
2353
2355
2356
2357
2359
2360
2361
2364
2366
2367
2370
2372
2373
2377
2378
2388
2389
2394
2397
2403
2404
2405
2406
2407
2409
2414
2415
2417
2419
2420
2421
2426
2430
2434
2435
2440
2441
2442
2443
2448
2452
2453
2456
2459
2460
2464
2468
2469
2473
2474
2476
2477
2478
2481
2489
2490
2493
2495
2496
2498
2500
2501
2504
2506
2508
2509
2510
2513
2517
2519
2520
2523
2524
2527
2530
2532
2538
2543
2546
2551
2554
2555
2556
2557
2558
2561
2571
2572
2573
2576
2578
2582
2585
2587
2588
2589
2592
2593
2594
2597
2598
2601
2605
2607
2608
2609
2611
2613
2614
2616
2621
2627
2630
2632
2637
2638
2641
2643
2644
2645
2646
2647
2648
2649
2650
2651
2652
2656
2657
2658
2663
2668
2671
2674
2675
2677
2678
2680
2682
2685
2689
2691
2698
2699
2702
2707
